 {
  "c6": [    
 [
   21.143509266934693      ,
   21.148358350061553      ,
   8.1395686965660410      ,
   8.1990873856582418      ,
   8.1677875209356845      ,
   8.1276974438737462      ,
   8.1272602770814260      ,
   8.2095243104819069      ,
   8.1249421060158191      ,
   8.1627318155740483      ,
   33.029986359618015      ,
   32.981994945641063      ,
   30.640054464744416      ,
   33.017413543943015      ,
   32.953110768710381      ,
   30.651239777429112      ,
   21.140635897503994      ,
   21.145170587421124      ,
   8.1348586236290625      ,
   8.1975300063753522      ,
   8.1633859421611366      ,
   8.1219329479525975      ,
   8.1254595698273082      ,
   8.2091883815753715      ,
   8.1215793136635774      ,
   8.1609242544013600      ,
   33.027174284308146      ,
   32.978373029035673      ,
   30.637944003673969      ,
   33.016132932969811      ,
   32.951087008131495      ,
   30.648949413415558     
 ],
 [
   21.148358350061553      ,
   21.153208545290614      ,
   8.1414339994212241      ,
   8.2009663281035809      ,
   8.1696592905529322      ,
   8.1295600262553283      ,
   8.1291227592797775      ,
   8.2114056447032873      ,
   8.1268040569708742      ,
   8.1646024266014017      ,
   33.037556860033831      ,
   32.989554446384417      ,
   30.647077191130972      ,
   33.024981162658790      ,
   32.960663649175984      ,
   30.658265067445409      ,
   21.145484321648141      ,
   21.150020051564073      ,
   8.1367228471011899      ,
   8.1994085919241328      ,
   8.1652567030913428      ,
   8.1237942093144699      ,
   8.1273216393668921      ,
   8.2110696388136617      ,
   8.1234404939849103      ,
   8.1627944511992716      ,
   33.034744140193965      ,
   32.985931699632744      ,
   30.644966246341056      ,
   33.023700258168475      ,
   32.958639424749478      ,
   30.655974178478484     
 ],
 [
   8.1395686965660410      ,
   8.1414339994212241      ,
   3.5231593450971532      ,
   3.5489216106588377      ,
   3.5353736675652736      ,
   3.5180209567179896      ,
   3.5178317269459836      ,
   3.5534391734888242      ,
   3.5168283270688594      ,
   3.5331853493721281      ,
   13.963438625656638      ,
   13.943150326541504      ,
   12.953001047472913      ,
   13.958123522490276      ,
   13.930939621163999      ,
   12.957743636913360      ,
   8.1384625418136700      ,
   8.1402068136217043      ,
   3.5211206206754264      ,
   3.5482475091725285      ,
   3.5334684728408301      ,
   3.5155258321645046      ,
   3.5170523025282217      ,
   3.5532937688477211      ,
   3.5153727642786157      ,
   3.5324029582807959      ,
   13.962249820418172      ,
   13.941619160773449      ,
   12.952108856300686      ,
   13.957582144016648      ,
   13.930084076082469      ,
   12.956775391236445     
 ],
 [
   8.1990873856582418      ,
   8.2009663281035809      ,
   3.5489216106588377      ,
   3.5748722566659872      ,
   3.5612252474577222      ,
   3.5437456490356012      ,
   3.5435550355658503      ,
   3.5794228531007346      ,
   3.5425442985655460      ,
   3.5590209277077625      ,
   14.065542961480171      ,
   14.045106308985781      ,
   13.047716797967309      ,
   14.060188992881505      ,
   14.032806315718952      ,
   13.052494066468711      ,
   8.1979731424084026      ,
   8.1997301687954174      ,
   3.5468679785492054      ,
   3.5741932259727345      ,
   3.5593061214495556      ,
   3.5412322794766933      ,
   3.5427699117922353      ,
   3.5792763852227432      ,
   3.5410780923182590      ,
   3.5582328155674809      ,
   14.064345463385125      ,
   14.043563946930906      ,
   13.046818082858575      ,
   14.059643655706086      ,
   14.031944514666769      ,
   13.051518740724740     
 ],
 [
   8.1677875209356845      ,
   8.1696592905529322      ,
   3.5353736675652736      ,
   3.5612252474577222      ,
   3.5476303354565624      ,
   3.5302174650805069      ,
   3.5300275792741775      ,
   3.5657584720741244      ,
   3.5290207007438164      ,
   3.5454344306567789      ,
   14.011848009729421      ,
   13.991489373780331      ,
   12.997907378889654      ,
   14.006514479807482      ,
   13.979236335511745      ,
   13.002666410256339      ,
   8.1666775312888831      ,
   8.1684278502601035      ,
   3.5333278751585167      ,
   3.5605488089516744      ,
   3.5457185356766985      ,
   3.5277136902637465      ,
   3.5292454526961543      ,
   3.5656125633345681      ,
   3.5275600917119601      ,
   3.5446493271201240      ,
   14.010655083061346      ,
   13.989952899664257      ,
   12.997012094609328      ,
   14.005971224446705      ,
   13.978377824369238      ,
   13.001694807800474     
 ],
 [
   8.1276974438737462      ,
   8.1295600262553283      ,
   3.5180209567179896      ,
   3.5437456490356012      ,
   3.5302174650805069      ,
   3.5128900624747854      ,
   3.5127011086869073      ,
   3.5482566231791060      ,
   3.5116991722287669      ,
   3.5280323384627841      ,
   13.943073498839645      ,
   13.922814789411943      ,
   12.934109604177030      ,
   13.937766147542497      ,
   13.910621892868649      ,
   12.938845276737259      ,
   8.1265929024061894      ,
   8.1283346302598254      ,
   3.5159852056950944      ,
   3.5430725306996131      ,
   3.5283150490071189      ,
   3.5103985769616477      ,
   3.5119228210287914      ,
   3.5481114306049135      ,
   3.5102457323192078      ,
   3.5272510884578741      ,
   13.941886427426926      ,
   13.921285856789019      ,
   12.933218714230589      ,
   13.937225558648112      ,
   13.909767595566020      ,
   12.937878443208634     
 ],
 [
   8.1272602770814260      ,
   8.1291227592797775      ,
   3.5178317269459836      ,
   3.5435550355658503      ,
   3.5300275792741775      ,
   3.5127011086869073      ,
   3.5125121650626072      ,
   3.5480657670699225      ,
   3.5115102824973268      ,
   3.5278425701915737      ,
   13.942323522770469      ,
   13.922065903026990      ,
   12.933413898695449      ,
   13.937016456947426      ,
   13.909873662320491      ,
   12.938149316531099      ,
   8.1261557950241574      ,
   8.1278974291950021      ,
   3.5157960854234878      ,
   3.5428819534360225      ,
   3.5281252655292761      ,
   3.5102097571875355      ,
   3.5117339192675727      ,
   3.5479205823054500      ,
   3.5100569207664103      ,
   3.5270613622090852      ,
   13.941136515208459      ,
   13.920537052642956      ,
   12.932523056668581      ,
   13.936475897130467      ,
   13.909019410969179      ,
   12.937182535006933     
 ],
 [
   8.2095243104819069      ,
   8.2114056447032873      ,
   3.5534391734888242      ,
   3.5794228531007346      ,
   3.5657584720741244      ,
   3.5482566231791060      ,
   3.5480657670699225      ,
   3.5839792421698555      ,
   3.5470537434624729      ,
   3.5635513463582811      ,
   14.083447542133689      ,
   14.062984875023735      ,
   13.064325747822124      ,
   14.078086758258651      ,
   14.050669224613630      ,
   13.069109097496026      ,
   8.2084086488701846      ,
   8.2101679118417330      ,
   3.5513829272295707      ,
   3.5787429580424277      ,
   3.5638369031344785      ,
   3.5457400542525757      ,
   3.5472796438811711      ,
   3.5838325878471027      ,
   3.5455856708232032      ,
   3.5627622309988527      ,
   14.082248519696407      ,
   14.061440549635778      ,
   13.063425888703723      ,
   14.077540726902180      ,
   14.049806326541121      ,
   13.068132530221709     
 ],
 [
   8.1249421060158191      ,
   8.1268040569708742      ,
   3.5168283270688594      ,
   3.5425442985655460      ,
   3.5290207007438164      ,
   3.5116991722287669      ,
   3.5115102824973268      ,
   3.5470537434624729      ,
   3.5105086857014967      ,
   3.5268363148967770      ,
   13.938346715186730      ,
   13.918094873580287      ,
   12.929724865199040      ,
   13.933041163112788      ,
   13.905906110500400      ,
   12.934458932338526      ,
   8.1238379389944022      ,
   8.1255790763919187      ,
   3.5147932661774490      ,
   3.5418714084206053      ,
   3.5271189296005860      ,
   3.5092085313437686      ,
   3.5107322586832721      ,
   3.5469086001094108      ,
   3.5090557385165559      ,
   3.5260553297401809      ,
   13.937160046198183      ,
   13.916566459274485      ,
   12.928834277269512      ,
   13.932500757481208      ,
   13.905052102809565      ,
   12.933492426572132     
 ],
 [
   8.1627318155740483      ,
   8.1646024266014017      ,
   3.5331853493721281      ,
   3.5590209277077625      ,
   3.5454344306567789      ,
   3.5280323384627841      ,
   3.5278425701915737      ,
   3.5635513463582811      ,
   3.5268363148967770      ,
   3.5432398850735529      ,
   14.003174977164813      ,
   13.982828942773521      ,
   12.989861953766138      ,
   13.997844748583187      ,
   13.970583488872098      ,
   12.994618039395142      ,
   8.1616225129897515      ,
   8.1633717485467301      ,
   3.5311408232656736      ,
   3.5583449079022058      ,
   3.5435238142387413      ,
   3.5255301134273203      ,
   3.5270609277326228      ,
   3.5634055279330110      ,
   3.5253766099496429      ,
   3.5424552674986418      ,
   14.001982788892690      ,
   13.981293419701879      ,
   12.988967223647528      ,
   13.997301829485798      ,
   13.969725509129525      ,
   12.993647038340301     
 ],
 [
   33.029986359618015      ,
   33.037556860033831      ,
   13.963438625656638      ,
   14.065542961480171      ,
   14.011848009729421      ,
   13.943073498839645      ,
   13.942323522770469      ,
   14.083447542133689      ,
   13.938346715186730      ,
   14.003174977164813      ,
   55.597320179628618      ,
   55.516539503440121      ,
   51.574198115150089      ,
   55.576157331525444      ,
   55.467920857739720      ,
   51.593070564009373      ,
   33.025497635950735      ,
   33.032576997919676      ,
   13.955358490599162      ,
   14.062871275696073      ,
   14.004297096751607      ,
   13.933184500034344      ,
   13.939234407588875      ,
   14.082871255743129      ,
   13.932577841375069      ,
   14.000074104080289      ,
   55.592586790257712      ,
   55.510442959169232      ,
   51.570645729875629      ,
   55.574001759672321      ,
   55.464514388911383      ,
   51.589215357798253     
 ],
 [
   32.981994945641063      ,
   32.989554446384417      ,
   13.943150326541504      ,
   14.045106308985781      ,
   13.991489373780331      ,
   13.922814789411943      ,
   13.922065903026990      ,
   14.062984875023735      ,
   13.918094873580287      ,
   13.982828942773521      ,
   55.516539503440121      ,
   55.435876198333979      ,
   51.499262873931691      ,
   55.495407404106416      ,
   55.387328193575712      ,
   51.518107901882829      ,
   32.977512743932131      ,
   32.984581819835611      ,
   13.935081931586256      ,
   14.042438505050685      ,
   13.983949431966943      ,
   13.912940158913123      ,
   13.918981276202064      ,
   14.062409425953481      ,
   13.912334381703799      ,
   13.979732575129409      ,
   55.511812991494104      ,
   55.429788512097396      ,
   51.495715650130528      ,
   55.493254964212731      ,
   55.383926674209924      ,
   51.514258297131711     
 ],
 [
   30.640054464744416      ,
   30.647077191130972      ,
   12.953001047472913      ,
   13.047716797967309      ,
   12.997907378889654      ,
   12.934109604177030      ,
   12.933413898695449      ,
   13.064325747822124      ,
   12.929724865199040      ,
   12.989861953766138      ,
   51.574198115150089      ,
   51.499262873931691      ,
   47.842196419179793      ,
   51.554566648777495      ,
   51.454162360840272      ,
   47.859703220473740      ,
   30.635890529096869      ,
   30.642457654061147      ,
   12.945505615962867      ,
   13.045238443624390      ,
   12.990902873313836      ,
   12.924936203890931      ,
   12.930548321436463      ,
   13.063791163296013      ,
   12.924373444927244      ,
   12.986985469442418      ,
   51.569807242345590      ,
   51.493607486566987      ,
   47.838901090890140      ,
   51.552567057979800      ,
   51.451002390221831      ,
   47.856126983915054     
 ],
 [
   33.017413543943015      ,
   33.024981162658790      ,
   13.958123522490276      ,
   14.060188992881505      ,
   14.006514479807482      ,
   13.937766147542497      ,
   13.937016456947426      ,
   14.078086758258651      ,
   13.933041163112788      ,
   13.997844748583187      ,
   55.576157331525444      ,
   55.495407404106416      ,
   51.554566648777495      ,
   55.555002538956956      ,
   55.446807264855835      ,
   51.573431913933454      ,
   33.012926528901787      ,
   33.020003196121806      ,
   13.950046463090063      ,
   14.057518324059343      ,
   13.998966441041567      ,
   13.927880912928115      ,
   13.933928517619893      ,
   14.077510691228218      ,
   13.927274485189995      ,
   13.994745055828295      ,
   55.571425743896050      ,
   55.489313180455312      ,
   51.551015615701118      ,
   55.552847787611746      ,
   55.443402092683193      ,
   51.569578175187736     
 ],
 [
   32.953110768710381      ,
   32.960663649175984      ,
   13.930939621163999      ,
   14.032806315718952      ,
   13.979236335511745      ,
   13.910621892868649      ,
   13.909873662320491      ,
   14.050669224613630      ,
   13.905906110500400      ,
   13.970583488872098      ,
   55.467920857739720      ,
   55.387328193575712      ,
   51.454162360840272      ,
   55.446807264855835      ,
   55.338822704764318      ,
   51.472990885249082      ,
   32.948632492316094      ,
   32.955695377434225      ,
   13.922878292100700      ,
   14.030140848111525      ,
   13.971702996797790      ,
   13.900755910071457      ,
   13.906791736855620      ,
   14.050094279492543      ,
   13.900150663371155      ,
   13.967489832870056      ,
   55.463198485039634      ,
   55.381245838634321      ,
   51.450618243522683      ,
   55.444656709962800      ,
   55.335424164281363      ,
   51.469144651791822     
 ],
 [
   30.651239777429112      ,
   30.658265067445409      ,
   12.957743636913360      ,
   13.052494066468711      ,
   13.002666410256339      ,
   12.938845276737259      ,
   12.938149316531099      ,
   13.069109097496026      ,
   12.934458932338526      ,
   12.994618039395142      ,
   51.593070564009373      ,
   51.518107901882829      ,
   47.859703220473740      ,
   51.573431913933454      ,
   51.472990885249082      ,
   47.877216428485497      ,
   30.647074321714996      ,
   30.653643843989325      ,
   12.950245461038971      ,
   13.050014804705416      ,
   12.995659340062945      ,
   12.929668517718222      ,
   12.935282690074608      ,
   13.068574317238058      ,
   12.929105552706956      ,
   12.991740501880420      ,
   51.588678084461129      ,
   51.512450445052977      ,
   47.856406686331077      ,
   51.571431591429288      ,
   51.469829758308578      ,
   47.873638883281551     
 ],
 [
   21.140635897503994      ,
   21.145484321648141      ,
   8.1384625418136700      ,
   8.1979731424084026      ,
   8.1666775312888831      ,
   8.1265929024061894      ,
   8.1261557950241574      ,
   8.2084086488701846      ,
   8.1238379389944022      ,
   8.1616225129897515      ,
   33.025497635950735      ,
   32.977512743932131      ,
   30.635890529096869      ,
   33.012926528901787      ,
   32.948632492316094      ,
   30.647074321714996      ,
   21.137762918559670      ,
   21.142296992219617      ,
   8.1337531089682944      ,
   8.1964159747709395      ,
   8.1622765506820567      ,
   8.1208291898710900      ,
   8.1243553324833631      ,
   8.2080727656158654      ,
   8.1204756036404238      ,
   8.1598151974618247      ,
   33.022685942797516      ,
   32.973891319539575      ,
   30.633780354834791      ,
   33.011646091961630      ,
   32.946609006763097      ,
   30.644784268958343     
 ],
 [
   21.145170587421124      ,
   21.150020051564073      ,
   8.1402068136217043      ,
   8.1997301687954174      ,
   8.1684278502601035      ,
   8.1283346302598254      ,
   8.1278974291950021      ,
   8.2101679118417330      ,
   8.1255790763919187      ,
   8.1633717485467301      ,
   33.032576997919676      ,
   32.984581819835611      ,
   30.642457654061147      ,
   33.020003196121806      ,
   32.955695377434225      ,
   30.653643843989325      ,
   21.142296992219617      ,
   21.146832038449844      ,
   8.1354963714295518      ,
   8.1981726674188007      ,
   8.1640259264153716      ,
   8.1225696824199982      ,
   8.1260965807709926      ,
   8.2098319565994071      ,
   8.1222160204071390      ,
   8.1615640456668288      ,
   33.029764702050528      ,
   32.980959619152713      ,
   30.640347027461040      ,
   33.018722484706537      ,
   32.953671458125903      ,
   30.651353300335789     
 ],
 [
   8.1348586236290625      ,
   8.1367228471011899      ,
   3.5211206206754264      ,
   3.5468679785492054      ,
   3.5333278751585167      ,
   3.5159852056950944      ,
   3.5157960854234878      ,
   3.5513829272295707      ,
   3.5147932661774490      ,
   3.5311408232656736      ,
   13.955358490599162      ,
   13.935081931586256      ,
   12.945505615962867      ,
   13.950046463090063      ,
   13.922878292100700      ,
   12.950245461038971      ,
   8.1337531089682944      ,
   8.1354963714295518      ,
   3.5190830759895171      ,
   3.5461942671409568      ,
   3.5314237829011010      ,
   3.5134915249796146      ,
   3.5150171120303431      ,
   3.5512376067288547      ,
   3.5133385456685540      ,
   3.5303588849156649      ,
   13.954170373279132      ,
   13.933551651848244      ,
   12.944613941069294      ,
   13.949505397892503      ,
   13.922023242092054      ,
   12.949277775650678     
 ],
 [
   8.1975300063753522      ,
   8.1994085919241328      ,
   3.5482475091725285      ,
   3.5741932259727345      ,
   3.5605488089516744      ,
   3.5430725306996131      ,
   3.5428819534360225      ,
   3.5787429580424277      ,
   3.5418714084206053      ,
   3.5583449079022058      ,
   14.062871275696073      ,
   14.042438505050685      ,
   13.045238443624390      ,
   14.057518324059343      ,
   14.030140848111525      ,
   13.050014804705416      ,
   8.1964159747709395      ,
   8.1981726674188007      ,
   3.5461942671409568      ,
   3.5735143242582681      ,
   3.5586300474727475      ,
   3.5405596385437987      ,
   3.5420969787930905      ,
   3.5785965179853423      ,
   3.5404054806725127      ,
   3.5575569454602332      ,
   14.061674005060334      ,
   14.040896435960455      ,
   13.044339899222495      ,
   14.056973090468235      ,
   14.029279210754522      ,
   13.049039664220127     
 ],
 [
   8.1633859421611366      ,
   8.1652567030913428      ,
   3.5334684728408301      ,
   3.5593061214495556      ,
   3.5457185356766985      ,
   3.5283150490071189      ,
   3.5281252655292761      ,
   3.5638369031344785      ,
   3.5271189296005860      ,
   3.5435238142387413      ,
   14.004297096751607      ,
   13.983949431966943      ,
   12.990902873313836      ,
   13.998966441041567      ,
   13.971702996797790      ,
   12.995659340062945      ,
   8.1622765506820567      ,
   8.1640259264153716      ,
   3.5314237829011010      ,
   3.5586300474727475      ,
   3.5438077661559237      ,
   3.5258126234617571      ,
   3.5273435604352512      ,
   3.5636910730243936      ,
   3.5256591076834409      ,
   3.5427391337903522      ,
   14.003104812945589      ,
   13.982413785848880      ,
   12.990008071497614      ,
   13.998423478438321      ,
   13.970844948302531      ,
   12.994688261198656     
 ],
 [
   8.1219329479525975      ,
   8.1237942093144699      ,
   3.5155258321645046      ,
   3.5412322794766933      ,
   3.5277136902637465      ,
   3.5103985769616477      ,
   3.5102097571875355      ,
   3.5457400542525757      ,
   3.5092085313437686      ,
   3.5255301134273203      ,
   13.933184500034344      ,
   13.912940158913123      ,
   12.924936203890931      ,
   13.927880912928115      ,
   13.900755910071457      ,
   12.929668517718222      ,
   8.1208291898710900      ,
   8.1225696824199982      ,
   3.5134915249796146      ,
   3.5405596385437987      ,
   3.5258126234617571      ,
   3.5079088585120828      ,
   3.5094320215229042      ,
   3.5455949646549030      ,
   3.5077561222733240      ,
   3.5247494175169112      ,
   13.931998270541291      ,
   13.911412310671841      ,
   12.924045945800131      ,
   13.927340707441513      ,
   13.899902218671466      ,
   12.928702369907532     
 ],
 [
   8.1254595698273082      ,
   8.1273216393668921      ,
   3.5170523025282217      ,
   3.5427699117922353      ,
   3.5292454526961543      ,
   3.5119228210287914      ,
   3.5117339192675727      ,
   3.5472796438811711      ,
   3.5107322586832721      ,
   3.5270609277326228      ,
   13.939234407588875      ,
   13.918981276202064      ,
   12.930548321436463      ,
   13.933928517619893      ,
   13.906791736855620      ,
   12.935282690074608      ,
   8.1243553324833631      ,
   8.1260965807709926      ,
   3.5150171120303431      ,
   3.5420969787930905      ,
   3.5273435604352512      ,
   3.5094320215229042      ,
   3.5109558459036894      ,
   3.5471344912843965      ,
   3.5092792189648079      ,
   3.5262798928375987      ,
   13.938047663024859      ,
   13.917452764556042      ,
   12.929657676788006      ,
   13.933388077571459      ,
   13.905937674775545      ,
   12.934316122754300     
 ],
 [
   8.2091883815753715      ,
   8.2110696388136617      ,
   3.5532937688477211      ,
   3.5792763852227432      ,
   3.5656125633345681      ,
   3.5481114306049135      ,
   3.5479205823054500      ,
   3.5838325878471027      ,
   3.5469086001094108      ,
   3.5634055279330110      ,
   14.082871255743129      ,
   14.062409425953481      ,
   13.063791163296013      ,
   14.077510691228218      ,
   14.050094279492543      ,
   13.068574317238058      ,
   8.2080727656158654      ,
   8.2098319565994071      ,
   3.5512376067288547      ,
   3.5785965179853423      ,
   3.5636910730243936      ,
   3.5455949646549030      ,
   3.5471344912843965      ,
   3.5836859395253589      ,
   3.5454405875428097      ,
   3.5626164448637181      ,
   14.081672282369141      ,
   14.060865163758411      ,
   13.062891340999316      ,
   14.076964682215028      ,
   14.049231416729320      ,
   13.067597789924301     
 ],
 [
   8.1215793136635774      ,
   8.1234404939849103      ,
   3.5153727642786157      ,
   3.5410780923182590      ,
   3.5275600917119601      ,
   3.5102457323192078      ,
   3.5100569207664103      ,
   3.5455856708232032      ,
   3.5090557385165559      ,
   3.5253766099496429      ,
   13.932577841375069      ,
   13.912334381703799      ,
   12.924373444927244      ,
   13.927274485189995      ,
   13.900150663371155      ,
   12.929105552706956      ,
   8.1204756036404238      ,
   8.1222160204071390      ,
   3.5133385456685540      ,
   3.5404054806725127      ,
   3.5256591076834409      ,
   3.5077561222733240      ,
   3.5092792189648079      ,
   3.5454405875428097      ,
   3.5076033926847829      ,
   3.5245959480311542      ,
   13.931391663531112      ,
   13.910806599985886      ,
   12.923483225598785      ,
   13.926734303224242      ,
   13.899297009141366      ,
   12.928139446962884     
 ],
 [
   8.1609242544013600      ,
   8.1627944511992716      ,
   3.5324029582807959      ,
   3.5582328155674809      ,
   3.5446493271201240      ,
   3.5272510884578741      ,
   3.5270613622090852      ,
   3.5627622309988527      ,
   3.5260553297401809      ,
   3.5424552674986418      ,
   14.000074104080289      ,
   13.979732575129409      ,
   12.986985469442418      ,
   13.994745055828295      ,
   13.967489832870056      ,
   12.991740501880420      ,
   8.1598151974618247      ,
   8.1615640456668288      ,
   3.5303588849156649      ,
   3.5575569454602332      ,
   3.5427391337903522      ,
   3.5247494175169112      ,
   3.5262798928375987      ,
   3.5626164448637181      ,
   3.5245959480311542      ,
   3.5416708236700072      ,
   13.998882179807186      ,
   13.978197392085097      ,
   12.986090937453488      ,
   13.994202256955298      ,
   13.966632043119134      ,
   12.990769715844740     
 ],
 [
   33.027174284308146      ,
   33.034744140193965      ,
   13.962249820418172      ,
   14.064345463385125      ,
   14.010655083061346      ,
   13.941886427426926      ,
   13.941136515208459      ,
   14.082248519696407      ,
   13.937160046198183      ,
   14.001982788892690      ,
   55.592586790257712      ,
   55.511812991494104      ,
   51.569807242345590      ,
   55.571425743896050      ,
   55.463198485039634      ,
   51.588678084461129      ,
   33.022685942797516      ,
   33.029764702050528      ,
   13.954170373279132      ,
   14.061674005060334      ,
   14.003104812945589      ,
   13.931998270541291      ,
   13.938047663024859      ,
   14.081672282369141      ,
   13.931391663531112      ,
   13.998882179807186      ,
   55.587853803873386      ,
   55.505716966264750      ,
   51.566255159510575      ,
   55.569270355561891      ,
   55.459792306227847      ,
   51.584823206470716     
 ],
 [
   32.978373029035673      ,
   32.985931699632744      ,
   13.941619160773449      ,
   14.043563946930906      ,
   13.989952899664257      ,
   13.921285856789019      ,
   13.920537052642956      ,
   14.061440549635778      ,
   13.916566459274485      ,
   13.981293419701879      ,
   55.510442959169232      ,
   55.429788512097396      ,
   51.493607486566987      ,
   55.489313180455312      ,
   55.381245838634321      ,
   51.512450445052977      ,
   32.973891319539575      ,
   32.980959619152713      ,
   13.933551651848244      ,
   14.040896435960455      ,
   13.982413785848880      ,
   13.911412310671841      ,
   13.917452764556042      ,
   14.060865163758411      ,
   13.910806599985886      ,
   13.978197392085097      ,
   55.505716966264750      ,
   55.423701494379600      ,
   51.490060652303946      ,
   55.487160976931648      ,
   55.377844692806129      ,
   51.508601263045890     
 ],
 [
   30.637944003673969      ,
   30.644966246341056      ,
   12.952108856300686      ,
   13.046818082858575      ,
   12.997012094609328      ,
   12.933218714230589      ,
   12.932523056668581      ,
   13.063425888703723      ,
   12.928834277269512      ,
   12.988967223647528      ,
   51.570645729875629      ,
   51.495715650130528      ,
   47.838901090890140      ,
   51.551015615701118      ,
   51.450618243522683      ,
   47.856406686331077      ,
   30.633780354834791      ,
   30.640347027461040      ,
   12.944613941069294      ,
   13.044339899222495      ,
   12.990008071497614      ,
   12.924045945800131      ,
   12.929657676788006      ,
   13.062891340999316      ,
   12.923483225598785      ,
   12.986090937453488      ,
   51.566255159510575      ,
   51.490060652303946      ,
   47.835605989579790      ,
   51.549016162633464      ,
   51.447458490560230      ,
   47.852830696100405     
 ],
 [
   33.016132932969811      ,
   33.023700258168475      ,
   13.957582144016648      ,
   14.059643655706086      ,
   14.005971224446705      ,
   13.937225558648112      ,
   13.936475897130467      ,
   14.077540726902180      ,
   13.932500757481208      ,
   13.997301829485798      ,
   55.574001759672321      ,
   55.493254964212731      ,
   51.552567057979800      ,
   55.552847787611746      ,
   55.444656709962800      ,
   51.571431591429288      ,
   33.011646091961630      ,
   33.018722484706537      ,
   13.949505397892503      ,
   14.056973090468235      ,
   13.998423478438321      ,
   13.927340707441513      ,
   13.933388077571459      ,
   14.076964682215028      ,
   13.926734303224242      ,
   13.994202256955298      ,
   55.569270355561891      ,
   55.487160976931648      ,
   51.549016162633464      ,
   55.550693119840510      ,
   55.441251669862851      ,
   51.567578002154335     
 ],
 [
   32.951087008131495      ,
   32.958639424749478      ,
   13.930084076082469      ,
   14.031944514666769      ,
   13.978377824369238      ,
   13.909767595566020      ,
   13.909019410969179      ,
   14.049806326541121      ,
   13.905052102809565      ,
   13.969725509129525      ,
   55.464514388911383      ,
   55.383926674209924      ,
   51.451002390221831      ,
   55.443402092683193      ,
   55.335424164281363      ,
   51.469829758308578      ,
   32.946609006763097      ,
   32.953671458125903      ,
   13.922023242092054      ,
   14.029279210754522      ,
   13.970844948302531      ,
   13.899902218671466      ,
   13.905937674775545      ,
   14.049231416729320      ,
   13.899297009141366      ,
   13.966632043119134      ,
   55.459792306227847      ,
   55.377844692806129      ,
   51.447458490560230      ,
   55.441251669862851      ,
   55.332025832514027      ,
   51.465983761061253     
 ],
 [
   30.648949413415558      ,
   30.655974178478484      ,
   12.956775391236445      ,
   13.051518740724740      ,
   13.001694807800474      ,
   12.937878443208634      ,
   12.937182535006933      ,
   13.068132530221709      ,
   12.933492426572132      ,
   12.993647038340301      ,
   51.589215357798253      ,
   51.514258297131711      ,
   47.856126983915054      ,
   51.569578175187736      ,
   51.469144651791822      ,
   47.873638883281551      ,
   30.644784268958343      ,
   30.651353300335789      ,
   12.949277775650678      ,
   13.049039664220127      ,
   12.994688261198656      ,
   12.928702369907532      ,
   12.934316122754300      ,
   13.067597789924301      ,
   12.928139446962884      ,
   12.990769715844740      ,
   51.584823206470716      ,
   51.508601263045890      ,
   47.852830696100405      ,
   51.567578002154335      ,
   51.465983761061253      ,
   47.870061605403713     
 ]
 ],
  "c8": [    
 [
   426.68753371452556      ,
   426.78539085328407      ,
   127.13096626014735      ,
   128.06058166569349      ,
   127.57171275944918      ,
   126.94555056040315      ,
   126.93872250368460      ,
   128.22359476713419      ,
   126.90251526242733      ,
   127.49274829195564      ,
   797.97085294986789      ,
   796.81142923323330      ,
   740.23253081189785      ,
   797.66710651961137      ,
   796.11361691653474      ,
   740.50275658209182      ,
   426.62954755431173      ,
   426.72106006685033      ,
   127.05740018484822      ,
   128.03625714182149      ,
   127.50296501819423      ,
   126.85551557651421      ,
   126.91059746884534      ,
   128.21834793304816      ,
   126.84999220414130      ,
   127.46451620656823      ,
   797.90291607247593      ,
   796.72392741438762      ,
   740.18154422043642      ,
   797.63616826188820      ,
   796.06472492070645      ,
   740.44742371862765     
 ],
 [
   426.78539085328407      ,
   426.88327043487084      ,
   127.16010020608326      ,
   128.08992864678399      ,
   127.60094770898125      ,
   126.97464201558181      ,
   126.96781239411317      ,
   128.25297910509343      ,
   126.93159685542929      ,
   127.52196514560841      ,
   798.15374853475544      ,
   796.99405907722939      ,
   740.40219273375590      ,
   797.84993248555861      ,
   796.29608682135836      ,
   740.67248043863503      ,
   426.72739139444019      ,
   426.81892489472108      ,
   127.08651727202711      ,
   128.06559854858662      ,
   127.53218421316203      ,
   126.88458639884136      ,
   126.93968091400512      ,
   128.24773106861761      ,
   126.87906176070581      ,
   127.49372659042005      ,
   798.08579608617458      ,
   796.90653720289436      ,
   740.35119445612429      ,
   797.81898713676094      ,
   796.24718361944372      ,
   740.61713489283170     
 ],
 [
   127.13096626014735      ,
   127.16010020608324      ,
   42.589183269305174      ,
   42.900606552207762      ,
   42.736834274312670      ,
   42.527068632141905      ,
   42.524781156427480      ,
   42.955216432843628      ,
   42.512651707522842      ,
   42.710381118082566      ,
   261.08870577036993      ,
   260.70935467353337      ,
   242.19552002849974      ,
   260.98932384562022      ,
   260.48103861550317      ,
   242.28419707805764      ,
   127.11368935915362      ,
   127.14093293539733      ,
   42.564538454941797      ,
   42.892457777505740      ,
   42.713803613665448      ,
   42.496906693245791      ,
   42.515359201267032      ,
   42.953458730650347      ,
   42.495056355067398      ,
   42.700923300733656      ,
   261.06647746189628      ,
   260.68072489977789      ,
   242.17883781685393      ,
   260.97920113811239      ,
   260.46504161332831      ,
   242.26609279748385     
 ],
 [
   128.06058166569346      ,
   128.08992864678399      ,
   42.900606552207762      ,
   43.214307043868281      ,
   43.049337220105556      ,
   42.838037716519501      ,
   42.835733514182451      ,
   43.269316246280269      ,
   42.823515371564817      ,
   43.022690631456129      ,
   262.99785505718870      ,
   262.61573004535705      ,
   243.96651737203464      ,
   262.89774642566630      ,
   262.38574448025997      ,
   244.05584285149479      ,
   128.04317843140902      ,
   128.07062121992186      ,
   42.875781528495288      ,
   43.206098683187498      ,
   43.026138153224728      ,
   42.807655225612081      ,
   42.826242663213677      ,
   43.267545691307348      ,
   42.805791357275425      ,
   43.013163656065160      ,
   262.97546420947702      ,
   262.58689092316575      ,
   243.94971317566970      ,
   262.88754969825874      ,
   262.36963050379768      ,
   244.03760618765969     
 ],
 [
   127.57171275944918      ,
   127.60094770898127      ,
   42.736834274312670      ,
   43.049337220105556      ,
   42.884997165616333      ,
   42.674504294005942      ,
   42.672208887918998      ,
   43.104136425897245      ,
   42.660037387836518      ,
   42.858452299829864      ,
   261.99386557903483      ,
   261.61319932241298      ,
   243.03517967572657      ,
   261.89413911037349      ,
   261.38409172298384      ,
   243.12416415681028      ,
   127.55437596169031      ,
   127.58171398786469      ,
   42.712104019672452      ,
   43.041160194690974      ,
   42.861886660747416      ,
   42.644237787699758      ,
   42.662754268099562      ,
   43.102372629985425      ,
   42.642381034646270      ,
   42.848961693492548      ,
   261.97156020797291      ,
   261.58447029304057      ,
   243.01843962907230      ,
   261.88398130878534      ,
   261.36803926133052      ,
   243.10599711110424     
 ],
 [
   126.94555056040313      ,
   126.97464201558181      ,
   42.527068632141905      ,
   42.838037716519501      ,
   42.674504294005942      ,
   42.465044586717070      ,
   42.462760447195372      ,
   42.892567950807141      ,
   42.450648688611615      ,
   42.648089718656593      ,
   260.70791814734645      ,
   260.32912031918551      ,
   241.84228737481843      ,
   260.60868116723071      ,
   260.10113725115878      ,
   241.93083509238642      ,
   126.92829885711522      ,
   126.95550269963434      ,
   42.502459761264291      ,
   42.829900826482664      ,
   42.651507222665202      ,
   42.434926637814328      ,
   42.453352233583388      ,
   42.890812812152902      ,
   42.433078998280898      ,
   42.638645695159745      ,
   260.68572225798761      ,
   260.30053230083053      ,
   241.82562949352317      ,
   260.59857322329430      ,
   260.08516357998320      ,
   241.91275721619479     
 ],
 [
   126.93872250368462      ,
   126.96781239411317      ,
   42.524781156427480      ,
   42.835733514182451      ,
   42.672208887918998      ,
   42.462760447195372      ,
   42.460476430534570      ,
   42.890260815359703      ,
   42.448365323426565      ,
   42.645795733375309      ,
   260.69389507706205      ,
   260.31511762384247      ,
   241.82927905726478      ,
   260.59466343474787      ,
   260.08714681866763      ,
   241.91782201198660      ,
   126.92147172831899      ,
   126.94867410761761      ,
   42.500173609229016      ,
   42.827597061818345      ,
   42.649213053560821      ,
   42.432644118297944      ,
   42.451068722978157      ,
   42.888505771112087      ,
   42.430796578146634      ,
   42.636352217860193      ,
   260.67170038158531      ,
   260.28653114319224      ,
   241.81262207197082      ,
   260.58455603450182      ,
   260.07117400669091      ,
   241.89974510817552     
 ],
 [
   128.22359476713422      ,
   128.25297910509343      ,
   42.955216432843628      ,
   43.269316246280269      ,
   43.104136425897245      ,
   42.892567950807141      ,
   42.890260815359703      ,
   43.324395472083971      ,
   42.878027119784583      ,
   43.077455917750129      ,
   263.33263532983574      ,
   262.95002389610681      ,
   244.27707190935553      ,
   263.23239926611461      ,
   262.71974557337433      ,
   244.36651109472288      ,
   128.20616937962228      ,
   128.23364710108595      ,
   42.930359808375577      ,
   43.261097436852182      ,
   43.080907828005671      ,
   42.862146784824127      ,
   42.880757883110952      ,
   43.322622663301523      ,
   42.860280543895662      ,
   43.067916815094975      ,
   263.31021597993691      ,
   262.92114806346711      ,
   244.26024632227072      ,
   263.22218955889321      ,
   262.70361108480012      ,
   244.34825121672401     
 ],
 [
   126.90251526242731      ,
   126.93159685542929      ,
   42.512651707522842      ,
   42.823515371564817      ,
   42.660037387836518      ,
   42.450648688611615      ,
   42.448365323426565      ,
   42.878027119784583      ,
   42.436257670799691      ,
   42.633631767182457      ,
   260.61953663477772      ,
   260.24086722130119      ,
   241.76030142167357      ,
   260.52033329658008      ,
   260.01296144087104      ,
   241.84881912104649      ,
   126.88526940756961      ,
   126.91246402782404      ,
   42.488051179196162      ,
   42.815381239981221      ,
   42.637048112637238      ,
   42.420540949869441      ,
   42.438960299253928      ,
   42.876272576132592      ,
   42.418693936696606      ,
   42.624190945264715      ,
   260.59734826995555      ,
   260.21228889445200      ,
   241.74364918749765      ,
   260.51022877929580      ,
   259.99699318486364      ,
   241.83074737336082     
 ],
 [
   127.49274829195564      ,
   127.52196514560841      ,
   42.710381118082566      ,
   43.022690631456129      ,
   42.858452299829864      ,
   42.648089718656593      ,
   42.645795733375309      ,
   43.077455917750129      ,
   42.633631767182457      ,
   42.831923864728878      ,
   261.83169701095466      ,
   261.45126637855867      ,
   242.88474612642790      ,
   261.73203227083258      ,
   261.22230059180623      ,
   242.97367552803877      ,
   127.47542222534524      ,
   127.50274332979997      ,
   42.685666170923604      ,
   43.014518667439624      ,
   42.835356099852888      ,
   42.617841946649143      ,
   42.636346965756644      ,
   43.075693213589012      ,
   42.615986342884760      ,
   42.822439132867203      ,
   261.80940544643772      ,
   261.42255513183761      ,
   242.86801644150253      ,
   261.72188075670522      ,
   261.20625806628146      ,
   242.95551972734336     
 ],
 [
   797.97085294986789      ,
   798.15374853475555      ,
   261.08870577036993      ,
   262.99785505718864      ,
   261.99386557903483      ,
   260.70791814734645      ,
   260.69389507706205      ,
   263.33263532983568      ,
   260.61953663477772      ,
   261.83169701095471      ,
   1607.9711146984637      ,
   1605.6347971652217      ,
   1491.6154333511122      ,
   1607.3590483552525      ,
   1604.2286614437621      ,
   1492.1612573680129      ,
   797.86240995463220      ,
   798.03344013451760      ,
   260.93762321390494      ,
   262.94789981319070      ,
   261.85267842953573      ,
   260.52301341373038      ,
   260.63613472831406      ,
   263.32185991327123      ,
   260.51167009576693      ,
   261.77371681265959      ,
