 {
  "c6_ATM": [
 [
   15.060224641066103      ,
   17.245614197084709      ,
   17.245614197084706      ,
   6.6801057637748134      ,
   6.6802692279337457      ,
   6.6801057637748134      ,
   6.6802692279337457      ,
   20.790821394985233     
 ],
 [
   17.245614197084709      ,
   19.928476791250986      ,
   19.928476791250983      ,
   7.7914779775316259      ,
   7.7916763604000279      ,
   7.7914779775316259      ,
   7.7916763604000279      ,
   24.205841779731170     
 ],
 [
   17.245614197084706      ,
   19.928476791250983      ,
   19.928476791250979      ,
   7.7914779775316232      ,
   7.7916763604000270      ,
   7.7914779775316232      ,
   7.7916763604000270      ,
   24.205841779731159     
 ],
 [
   6.6801057637748134      ,
   7.7914779775316259      ,
   7.7914779775316232      ,
   3.0782301789500930      ,
   3.0783112716632970      ,
   3.0782301789500930      ,
   3.0783112716632970      ,
   9.5328717893920611     
 ],
 [
   6.6802692279337457      ,
   7.7916763604000279      ,
   7.7916763604000270      ,
   3.0783112716632970      ,
   3.0783923668982403      ,
   3.0783112716632970      ,
   3.0783923668982403      ,
   9.5331227892282211     
 ],
 [
   6.6801057637748134      ,
   7.7914779775316259      ,
   7.7914779775316232      ,
   3.0782301789500930      ,
   3.0783112716632970      ,
   3.0782301789500930      ,
   3.0783112716632970      ,
   9.5328717893920611     
 ],
 [
   6.6802692279337457      ,
   7.7916763604000279      ,
   7.7916763604000270      ,
   3.0783112716632970      ,
   3.0783923668982403      ,
   3.0783112716632970      ,
   3.0783923668982403      ,
   9.5331227892282211     
 ],
 [
   20.790821394985233      ,
   24.205841779731170      ,
   24.205841779731159      ,
   9.5328717893920611      ,
   9.5331227892282211      ,
   9.5328717893920611      ,
   9.5331227892282211      ,
   29.588014890318853     
 ]
 ]
 }
