 {
  "c6_ATM": [
 [
   15.567182364836135      ,
   15.567195447730903      ,
   10.271709046789363      ,
   10.271708688061564      ,
   10.271708676832542      ,
   10.271709235229798      ,
   10.271709081702626      ,
   10.271708928089589      ,
   10.271709248064848      ,
   10.271709014119736      ,
   26.683971632051779      ,
   26.683972519915841      ,
   26.682824578434115      ,
   26.683972274149976      ,
   26.683973483891350      ,
   26.682996531673343      ,
   15.567182364848986      ,
   15.567195447731070      ,
   10.271709046789363      ,
   10.271708688061523      ,
   10.271708676832514      ,
   10.271709235229814      ,
   10.271709081702683      ,
   10.271708928089586      ,
   10.271709248064854      ,
   10.271709014119677      ,
   26.683971632051634      ,
   26.683972519915667      ,
   26.682824578602730      ,
   26.683972274150054      ,
   26.683973483891176      ,
   26.682996531675485     
 ],
 [
   15.567195447730903      ,
   15.567208530641389      ,
   10.271715866946961      ,
   10.271715508218978      ,
   10.271715496989950      ,
   10.271716055387490      ,
   10.271715901860240      ,
   10.271715748247122      ,
   10.271716068222545      ,
   10.271715834277318      ,
   26.683990309320279      ,
   26.683991197184742      ,
   26.682843255209601      ,
   26.683990951418771      ,
   26.683992161160663      ,
   26.683015208522736      ,
   15.567195447743755      ,
   15.567208530641556      ,
   10.271715866946961      ,
   10.271715508218936      ,
   10.271715496989922      ,
   10.271716055387504      ,
   10.271715901860295      ,
   10.271715748247118      ,
   10.271716068222551      ,
   10.271715834277256      ,
   26.683990309320144      ,
   26.683991197184561      ,
   26.682843255378213      ,
   26.683990951418842      ,
   26.683992161160486      ,
   26.683015208524882     
 ],
 [
   10.271709046789363      ,
   10.271715866946961      ,
   7.6204742920375530      ,
   7.6204740007433900      ,
   7.6204739916251976      ,
   7.6204744450549651      ,
   7.6204743203878236      ,
   7.6204741956509556      ,
   7.6204744554772796      ,
   7.6204742655091602      ,
   19.334941770120988      ,
   19.334942521565214      ,
   19.333970962674794      ,
   19.334942313561143      ,
   19.334943337426392      ,
   19.334116494842192      ,
   10.271709046796063      ,
   10.271715866947046      ,
   7.6204742920375530      ,
   7.6204740007433553      ,
   7.6204739916251745      ,
   7.6204744450549775      ,
   7.6204743203878689      ,
   7.6204741956509521      ,
   7.6204744554772859      ,
   7.6204742655091140      ,
   19.334941770120867      ,
   19.334942521565061      ,
   19.333970962817503      ,
   19.334942313561207      ,
   19.334943337426246      ,
   19.334116494844004     
 ],
 [
   10.271708688061564      ,
   10.271715508218978      ,
   7.6204740007433900      ,
   7.6204737094492359      ,
   7.6204737003310470      ,
   7.6204741537607950      ,
   7.6204740290936579      ,
   7.6204739043567962      ,
   7.6204741641831113      ,
   7.6204739742149989      ,
   19.334941043096425      ,
   19.334941794540619      ,
   19.333970235690764      ,
   19.334941586536555      ,
   19.334942610401761      ,
   19.334115767852079      ,
   10.271708688068262      ,
   10.271715508219064      ,
   7.6204740007433900      ,
   7.6204737094492030      ,
   7.6204737003310230      ,
   7.6204741537608065      ,
   7.6204740290937041      ,
   7.6204739043567926      ,
   7.6204741641831157      ,
   7.6204739742149501      ,
   19.334941043096304      ,
   19.334941794540466      ,
   19.333970235833473      ,
   19.334941586536626      ,
   19.334942610401619      ,
   19.334115767853895     
 ],
 [
   10.271708676832542      ,
   10.271715496989950      ,
   7.6204739916251976      ,
   7.6204737003310470      ,
   7.6204736912128554      ,
   7.6204741446426034      ,
   7.6204740199754673      ,
   7.6204738952386046      ,
   7.6204741550649180      ,
   7.6204739650968074      ,
   19.334941020338853      ,
   19.334941771783036      ,
   19.333970212934460      ,
   19.334941563778980      ,
   19.334942587644189      ,
   19.334115745095588      ,
   10.271708676839243      ,
   10.271715496990037      ,
   7.6204739916251976      ,
   7.6204737003310132      ,
   7.6204736912128324      ,
   7.6204741446426159      ,
   7.6204740199755134      ,
   7.6204738952386020      ,
   7.6204741550649242      ,
   7.6204739650967594      ,
   19.334941020338729      ,
   19.334941771782891      ,
   19.333970213077169      ,
   19.334941563779047      ,
   19.334942587644043      ,
   19.334115745097399     
 ],
 [
   10.271709235229798      ,
   10.271716055387490      ,
   7.6204744450549651      ,
   7.6204741537607950      ,
   7.6204741446426034      ,
   7.6204745980723798      ,
   7.6204744734052365      ,
   7.6204743486683659      ,
   7.6204746084946962      ,
   7.6204744185265731      ,
   19.334942152028457      ,
   19.334942903472705      ,
   19.333971344560972      ,
   19.334942695468627      ,
   19.334943719333896      ,
   19.334116876731560      ,
   10.271709235236500      ,
   10.271716055387577      ,
   7.6204744450549651      ,
   7.6204741537607621      ,
   7.6204741446425794      ,
   7.6204745980723922      ,
   7.6204744734052809      ,
   7.6204743486683624      ,
   7.6204746084947015      ,
   7.6204744185265252      ,
   19.334942152028347      ,
   19.334942903472548      ,
   19.333971344703681      ,
   19.334942695468694      ,
   19.334943719333754      ,
   19.334116876733376     
 ],
 [
   10.271709081702626      ,
   10.271715901860240      ,
   7.6204743203878236      ,
   7.6204740290936579      ,
   7.6204740199754673      ,
   7.6204744734052365      ,
   7.6204743487380933      ,
   7.6204742240012253      ,
   7.6204744838275520      ,
   7.6204742938594316      ,
   19.334941840878820      ,
   19.334942592323042      ,
   19.333971033428679      ,
   19.334942384318978      ,
   19.334943408184230      ,
   19.334116565596670      ,
   10.271709081709329      ,
   10.271715901860329      ,
   7.6204743203878236      ,
   7.6204740290936241      ,
   7.6204740199754433      ,
   7.6204744734052481      ,
   7.6204743487381403      ,
   7.6204742240012218      ,
   7.6204744838275573      ,
   7.6204742938593855      ,
   19.334941840878702      ,
   19.334942592322896      ,
   19.333971033571384      ,
   19.334942384319042      ,
   19.334943408184088      ,
   19.334116565598489     
 ],
 [
   10.271708928089589      ,
   10.271715748247122      ,
   7.6204741956509556      ,
   7.6204739043567962      ,
   7.6204738952386046      ,
   7.6204743486683659      ,
   7.6204742240012253      ,
   7.6204740992643600      ,
   7.6204743590906832      ,
   7.6204741691225655      ,
   19.334941529555149      ,
   19.334942280999368      ,
   19.333970722122373      ,
   19.334942072995300      ,
   19.334943096860538      ,
   19.334116254287757      ,
   10.271708928096286      ,
   10.271715748247207      ,
   7.6204741956509556      ,
   7.6204739043567633      ,
   7.6204738952385815      ,
   7.6204743486683784      ,
   7.6204742240012706      ,
   7.6204740992643565      ,
   7.6204743590906876      ,
   7.6204741691225166      ,
   19.334941529555042      ,
   19.334942280999215      ,
   19.333970722265079      ,
   19.334942072995368      ,
   19.334943096860389      ,
   19.334116254289576     
 ],
 [
   10.271709248064848      ,
   10.271716068222545      ,
   7.6204744554772796      ,
   7.6204741641831113      ,
   7.6204741550649180      ,
   7.6204746084946962      ,
   7.6204744838275520      ,
   7.6204743590906832      ,
   7.6204746189170116      ,
   7.6204744289488877      ,
   19.334942178040922      ,
   19.334942929485170      ,
   19.333971370571991      ,
   19.334942721481095      ,
   19.334943745346369      ,
   19.334116902742792      ,
   10.271709248071549      ,
   10.271716068222631      ,
   7.6204744554772796      ,
   7.6204741641830775      ,
   7.6204741550648958      ,
   7.6204746084947086      ,
   7.6204744838275964      ,
   7.6204743590906787      ,
   7.6204746189170169      ,
   7.6204744289488415      ,
   19.334942178040809      ,
   19.334942929485020      ,
   19.333971370714696      ,
   19.334942721481163      ,
   19.334943745346219      ,
   19.334116902744611     
 ],
 [
   10.271709014119736      ,
   10.271715834277318      ,
   7.6204742655091602      ,
   7.6204739742149989      ,
   7.6204739650968074      ,
   7.6204744185265731      ,
   7.6204742938594316      ,
   7.6204741691225655      ,
   7.6204744289488877      ,
   7.6204742389807700      ,
   19.334941703910285      ,
   19.334942455354504      ,
   19.333970896467779      ,
   19.334942247350433      ,
   19.334943271215682      ,
   19.334116428634626      ,
   10.271709014126433      ,
   10.271715834277401      ,
   7.6204742655091602      ,
   7.6204739742149652      ,
   7.6204739650967834      ,
   7.6204744185265847      ,
   7.6204742938594752      ,
   7.6204741691225619      ,
   7.6204744289488930      ,
   7.6204742389807221      ,
   19.334941703910165      ,
   19.334942455354355      ,
   19.333970896610488      ,
   19.334942247350501      ,
   19.334943271215533      ,
   19.334116428636438     
 ],
 [
   26.683971632051779      ,
   26.683990309320279      ,
   19.334941770120988      ,
   19.334941043096425      ,
   19.334941020338853      ,
   19.334942152028457      ,
   19.334941840878820      ,
   19.334941529555149      ,
   19.334942178040922      ,
   19.334941703910285      ,
   49.283905116986745      ,
   49.283906978913244      ,
   49.281499652626138      ,
   49.283906463521305      ,
   49.283909000451871      ,
   49.281860251916214      ,
   26.683971632070122      ,
   26.683990309320521      ,
   19.334941770120988      ,
   19.334941043096340      ,
   19.334941020338789      ,
   19.334942152028486      ,
   19.334941840878937      ,
   19.334941529555142      ,
   19.334942178040937      ,
   19.334941703910161      ,
   49.283905116986460      ,
   49.283906978912853      ,
   49.281499652979740      ,
   49.283906463521468      ,
   49.283909000451516      ,
   49.281860251920719     
 ],
 [
   26.683972519915841      ,
   26.683991197184742      ,
   19.334942521565214      ,
   19.334941794540619      ,
   19.334941771783036      ,
   19.334942903472705      ,
   19.334942592323042      ,
   19.334942280999368      ,
   19.334942929485170      ,
   19.334942455354504      ,
   49.283906978913244      ,
   49.283908840839786      ,
   49.281501514444422      ,
   49.283908325447840      ,
   49.283910862378519      ,
   49.281862113750734      ,
   26.683972519934191      ,
   26.683991197184973      ,
   19.334942521565214      ,
   19.334941794540537      ,
   19.334941771782979      ,
   19.334942903472733      ,
   19.334942592323159      ,
   19.334942280999361      ,
   19.334942929485180      ,
   19.334942455354383      ,
   49.283906978912952      ,
   49.283908840839416      ,
   49.281501514798016      ,
   49.283908325448003      ,
   49.283910862378164      ,
   49.281862113755231     
 ],
 [
   26.682824578434115      ,
   26.682843255209601      ,
   19.333970962674794      ,
   19.333970235690764      ,
   19.333970212934460      ,
   19.333971344560972      ,
   19.333971033428679      ,
   19.333970722122373      ,
   19.333971370571991      ,
   19.333970896467779      ,
   49.281499652626138      ,
   49.281501514444422      ,
   49.279094328046348      ,
   49.281500999082446      ,
   49.281503535865596      ,
   49.279454906382163      ,
   26.682824578452458      ,
   26.682843255209832      ,
   19.333970962674794      ,
   19.333970235690682      ,
   19.333970212934400      ,
   19.333971344561004      ,
   19.333971033428789      ,
   19.333970722122359      ,
   19.333971370572002      ,
   19.333970896467662      ,
   49.281499652625854      ,
   49.281501514444052      ,
   49.279094328399921      ,
   49.281500999082617      ,
   49.281503535865234      ,
   49.279454906386690     
 ],
 [
   26.683972274149976      ,
   26.683990951418771      ,
   19.334942313561143      ,
   19.334941586536555      ,
   19.334941563778980      ,
   19.334942695468627      ,
   19.334942384318978      ,
   19.334942072995300      ,
   19.334942721481095      ,
   19.334942247350433      ,
   49.283906463521305      ,
   49.283908325447840      ,
   49.281500999082446      ,
   49.283907810055894      ,
   49.283910346986545      ,
   49.281861598384253      ,
   26.683972274168319      ,
   26.683990951419005      ,
   19.334942313561143      ,
   19.334941586536473      ,
   19.334941563778923      ,
   19.334942695468659      ,
   19.334942384319088      ,
   19.334942072995290      ,
   19.334942721481109      ,
   19.334942247350313      ,
   49.283906463521028      ,
   49.283908325447470      ,
   49.281500999436048      ,
   49.283907810056050      ,
   49.283910346986183      ,
   49.281861598388758     
 ],
 [
   26.683973483891350      ,
   26.683992161160663      ,
   19.334943337426392      ,
   19.334942610401761      ,
   19.334942587644189      ,
   19.334943719333896      ,
   19.334943408184230      ,
   19.334943096860538      ,
   19.334943745346369      ,
   19.334943271215682      ,
   49.283909000451871      ,
   49.283910862378519      ,
   49.281503535865596      ,
   49.283910346986545      ,
   49.283912883917345      ,
   49.281864135189501      ,
   26.683973483909700      ,
   26.683992161160894      ,
   19.334943337426392      ,
   19.334942610401676      ,
   19.334942587644129      ,
   19.334943719333928      ,
   19.334943408184341      ,
   19.334943096860528      ,
   19.334943745346379      ,
   19.334943271215558      ,
   49.283909000451587      ,
   49.283910862378157      ,
   49.281503536219198      ,
   49.283910346986715      ,
   49.283912883916976      ,
   49.281864135193999     
 ],
 [
   26.682996531673343      ,
   26.683015208522736      ,
   19.334116494842192      ,
   19.334115767852079      ,
   19.334115745095588      ,
   19.334116876731560      ,
   19.334116565596670      ,
   19.334116254287757      ,
   19.334116902742792      ,
   19.334116428634626      ,
   49.281860251916214      ,
   49.281862113750734      ,
   49.279454906382163      ,
   49.281861598384253      ,
   49.281864135189501      ,
   49.279815487859217      ,
   26.682996531691689      ,
   26.683015208522971      ,
   19.334116494842192      ,
   19.334115767851998      ,
   19.334115745095527      ,
   19.334116876731592      ,
   19.334116565596776      ,
   19.334116254287750      ,
   19.334116902742803      ,
   19.334116428634506      ,
   49.281860251915916      ,
   49.281862113750350      ,
   49.279454906735737      ,
   49.281861598384403      ,
   49.281864135189153      ,
   49.279815487863715     
 ],
 [
   15.567182364848986      ,
   15.567195447743755      ,
   10.271709046796063      ,
   10.271708688068262      ,
   10.271708676839243      ,
   10.271709235236500      ,
   10.271709081709329      ,
   10.271708928096286      ,
   10.271709248071549      ,
   10.271709014126433      ,
   26.683971632070122      ,
   26.683972519934191      ,
   26.682824578452458      ,
   26.683972274168319      ,
   26.683973483909700      ,
   26.682996531691689      ,
   15.567182364861834      ,
   15.567195447743920      ,
   10.271709046796063      ,
   10.271708688068221      ,
   10.271708676839216      ,
   10.271709235236514      ,
   10.271709081709382      ,
   10.271708928096285      ,
   10.271709248071554      ,
   10.271709014126376      ,
   26.683971632069980      ,
   26.683972519934009      ,
   26.682824578621076      ,
   26.683972274168397      ,
   26.683973483909522      ,
   26.682996531693835     
 ],
 [
   15.567195447731070      ,
   15.567208530641556      ,
   10.271715866947046      ,
   10.271715508219064      ,
   10.271715496990037      ,
   10.271716055387577      ,
   10.271715901860329      ,
   10.271715748247207      ,
   10.271716068222631      ,
   10.271715834277401      ,
   26.683990309320521      ,
   26.683991197184973      ,
   26.682843255209832      ,
   26.683990951419005      ,
   26.683992161160894      ,
   26.683015208522971      ,
   15.567195447743920      ,
   15.567208530641720      ,
   10.271715866947046      ,
   10.271715508219025      ,
   10.271715496990009      ,
   10.271716055387589      ,
   10.271715901860382      ,
   10.271715748247203      ,
   10.271716068222636      ,
   10.271715834277343      ,
   26.683990309320382      ,
   26.683991197184788      ,
   26.682843255378447      ,
   26.683990951419084      ,
   26.683992161160720      ,
   26.683015208525113     
 ],
 [
   10.271709046789363      ,
   10.271715866946961      ,
   7.6204742920375530      ,
   7.6204740007433900      ,
   7.6204739916251976      ,
   7.6204744450549651      ,
   7.6204743203878236      ,
   7.6204741956509556      ,
   7.6204744554772796      ,
   7.6204742655091602      ,
   19.334941770120988      ,
   19.334942521565214      ,
   19.333970962674794      ,
   19.334942313561143      ,
   19.334943337426392      ,
   19.334116494842192      ,
   10.271709046796063      ,
   10.271715866947046      ,
   7.6204742920375530      ,
   7.6204740007433553      ,
   7.6204739916251745      ,
   7.6204744450549775      ,
   7.6204743203878689      ,
   7.6204741956509521      ,
   7.6204744554772859      ,
   7.6204742655091140      ,
   19.334941770120867      ,
   19.334942521565061      ,
   19.333970962817503      ,
   19.334942313561207      ,
   19.334943337426246      ,
   19.334116494844004     
 ],
 [
   10.271708688061523      ,
   10.271715508218936      ,
   7.6204740007433553      ,
   7.6204737094492030      ,
   7.6204737003310132      ,
   7.6204741537607621      ,
   7.6204740290936241      ,
   7.6204739043567633      ,
   7.6204741641830775      ,
   7.6204739742149652      ,
   19.334941043096340      ,
   19.334941794540537      ,
   19.333970235690682      ,
   19.334941586536473      ,
   19.334942610401676      ,
   19.334115767851998      ,
   10.271708688068221      ,
   10.271715508219025      ,
   7.6204740007433553      ,
   7.6204737094491701      ,
   7.6204737003309893      ,
   7.6204741537607728      ,
   7.6204740290936712      ,
   7.6204739043567598      ,
   7.6204741641830820      ,
   7.6204739742149172      ,
   19.334941043096222      ,
   19.334941794540377      ,
   19.333970235833391      ,
   19.334941586536537      ,
   19.334942610401530      ,
   19.334115767853813     
 ],
 [
   10.271708676832514      ,
   10.271715496989922      ,
   7.6204739916251745      ,
   7.6204737003310230      ,
   7.6204736912128324      ,
   7.6204741446425794      ,
   7.6204740199754433      ,
   7.6204738952385815      ,
   7.6204741550648958      ,
   7.6204739650967834      ,
   19.334941020338789      ,
   19.334941771782979      ,
   19.333970212934400      ,
   19.334941563778923      ,
   19.334942587644129      ,
   19.334115745095527      ,
   10.271708676839216      ,
   10.271715496990009      ,
   7.6204739916251745      ,
   7.6204737003309893      ,
   7.6204736912128093      ,
   7.6204741446425919      ,
   7.6204740199754903      ,
   7.6204738952385789      ,
   7.6204741550649011      ,
   7.6204739650967372      ,
   19.334941020338668      ,
   19.334941771782830      ,
   19.333970213077112      ,
   19.334941563778983      ,
   19.334942587643980      ,
   19.334115745097343     
 ],
 [
   10.271709235229814      ,
   10.271716055387504      ,
   7.6204744450549775      ,
   7.6204741537608065      ,
   7.6204741446426159      ,
   7.6204745980723922      ,
   7.6204744734052481      ,
   7.6204743486683784      ,
   7.6204746084947086      ,
   7.6204744185265847      ,
   19.334942152028486      ,
   19.334942903472733      ,
   19.333971344561004      ,
   19.334942695468659      ,
   19.334943719333928      ,
   19.334116876731592      ,
   10.271709235236514      ,
   10.271716055387589      ,
   7.6204744450549775      ,
   7.6204741537607728      ,
   7.6204741446425919      ,
   7.6204745980724056      ,
   7.6204744734052934      ,
   7.6204743486683748      ,
   7.6204746084947130      ,
   7.6204744185265367      ,
   19.334942152028379      ,
   19.334942903472580      ,
   19.333971344703706      ,
   19.334942695468726      ,
   19.334943719333786      ,
   19.334116876733404     
 ],
 [
   10.271709081702683      ,
   10.271715901860295      ,
   7.6204743203878689      ,
   7.6204740290937041      ,
   7.6204740199755134      ,
   7.6204744734052809      ,
   7.6204743487381403      ,
   7.6204742240012706      ,
   7.6204744838275964      ,
   7.6204742938594752      ,
   19.334941840878937      ,
   19.334942592323159      ,
   19.333971033428789      ,
   19.334942384319088      ,
   19.334943408184341      ,
   19.334116565596776      ,
   10.271709081709382      ,
   10.271715901860382      ,
   7.6204743203878689      ,
   7.6204740290936712      ,
   7.6204740199754903      ,
   7.6204744734052934      ,
   7.6204743487381847      ,
   7.6204742240012679      ,
   7.6204744838276008      ,
   7.6204742938594290      ,
   19.334941840878816      ,
   19.334942592323006      ,
   19.333971033571501      ,
   19.334942384319159      ,
   19.334943408184202      ,
   19.334116565598599     
 ],
 [
   10.271708928089586      ,
   10.271715748247118      ,
   7.6204741956509521      ,
   7.6204739043567926      ,
   7.6204738952386020      ,
   7.6204743486683624      ,
   7.6204742240012218      ,
   7.6204740992643565      ,
   7.6204743590906787      ,
   7.6204741691225619      ,
   19.334941529555142      ,
   19.334942280999361      ,
   19.333970722122359      ,
   19.334942072995290      ,
   19.334943096860528      ,
   19.334116254287750      ,
   10.271708928096285      ,
   10.271715748247203      ,
   7.6204741956509521      ,
   7.6204739043567598      ,
   7.6204738952385789      ,
   7.6204743486683748      ,
   7.6204742240012679      ,
   7.6204740992643520      ,
   7.6204743590906832      ,
   7.6204741691225131      ,
   19.334941529555035      ,
   19.334942280999208      ,
   19.333970722265068      ,
   19.334942072995361      ,
   19.334943096860382      ,
   19.334116254289569     
 ],
 [
   10.271709248064854      ,
   10.271716068222551      ,
   7.6204744554772859      ,
   7.6204741641831157      ,
   7.6204741550649242      ,
   7.6204746084947015      ,
   7.6204744838275573      ,
   7.6204743590906876      ,
   7.6204746189170169      ,
   7.6204744289488930      ,
   19.334942178040937      ,
   19.334942929485180      ,
   19.333971370572002      ,
   19.334942721481109      ,
   19.334943745346379      ,
   19.334116902742803      ,
   10.271709248071554      ,
   10.271716068222636      ,
   7.6204744554772859      ,
   7.6204741641830820      ,
   7.6204741550649011      ,
   7.6204746084947130      ,
   7.6204744838276008      ,
   7.6204743590906832      ,
   7.6204746189170223      ,
   7.6204744289488460      ,
   19.334942178040819      ,
   19.334942929485031      ,
   19.333971370714703      ,
   19.334942721481173      ,
   19.334943745346237      ,
   19.334116902744626     
 ],
 [
   10.271709014119677      ,
   10.271715834277256      ,
   7.6204742655091140      ,
   7.6204739742149501      ,
   7.6204739650967594      ,
   7.6204744185265252      ,
   7.6204742938593855      ,
   7.6204741691225166      ,
   7.6204744289488415      ,
   7.6204742389807221      ,
   19.334941703910161      ,
   19.334942455354383      ,
   19.333970896467662      ,
   19.334942247350313      ,
   19.334943271215558      ,
   19.334116428634506      ,
   10.271709014126376      ,
   10.271715834277343      ,
   7.6204742655091140      ,
   7.6204739742149172      ,
   7.6204739650967372      ,
   7.6204744185265367      ,
   7.6204742938594290      ,
   7.6204741691225131      ,
   7.6204744289488460      ,
   7.6204742389806741      ,
   19.334941703910047      ,
   19.334942455354234      ,
   19.333970896610371      ,
   19.334942247350384      ,
   19.334943271215412      ,
   19.334116428636321     
 ],
 [
   26.683971632051634      ,
   26.683990309320144      ,
   19.334941770120867      ,
   19.334941043096304      ,
   19.334941020338729      ,
   19.334942152028347      ,
   19.334941840878702      ,
   19.334941529555042      ,
   19.334942178040809      ,
   19.334941703910165      ,
   49.283905116986460      ,
   49.283906978912952      ,
   49.281499652625854      ,
   49.283906463521028      ,
   49.283909000451587      ,
   49.281860251915916      ,
   26.683971632069980      ,
   26.683990309320382      ,
   19.334941770120867      ,
   19.334941043096222      ,
   19.334941020338668      ,
   19.334942152028379      ,
   19.334941840878816      ,
   19.334941529555035      ,
   19.334942178040819      ,
   19.334941703910047      ,
   49.283905116986169      ,
   49.283906978912555      ,
   49.281499652979448      ,
   49.283906463521170      ,
   49.283909000451224      ,
   49.281860251920428     
 ],
 [
   26.683972519915667      ,
   26.683991197184561      ,
   19.334942521565061      ,
   19.334941794540466      ,
   19.334941771782891      ,
   19.334942903472548      ,
   19.334942592322896      ,
   19.334942280999215      ,
   19.334942929485020      ,
   19.334942455354355      ,
   49.283906978912853      ,
   49.283908840839416      ,
   49.281501514444052      ,
   49.283908325447470      ,
   49.283910862378157      ,
   49.281862113750350      ,
   26.683972519934009      ,
   26.683991197184788      ,
   19.334942521565061      ,
   19.334941794540377      ,
   19.334941771782830      ,
   19.334942903472580      ,
   19.334942592323006      ,
   19.334942280999208      ,
   19.334942929485031      ,
   19.334942455354234      ,
   49.283906978912555      ,
   49.283908840839025      ,
   49.281501514797640      ,
   49.283908325447619      ,
   49.283910862377795      ,
   49.281862113754855     
 ],
 [
   26.682824578602730      ,
   26.682843255378213      ,
   19.333970962817503      ,
   19.333970235833473      ,
   19.333970213077169      ,
   19.333971344703681      ,
   19.333971033571384      ,
   19.333970722265079      ,
   19.333971370714696      ,
   19.333970896610488      ,
   49.281499652979740      ,
   49.281501514798016      ,
   49.279094328399921      ,
   49.281500999436048      ,
   49.281503536219198      ,
   49.279454906735737      ,
   26.682824578621076      ,
   26.682843255378447      ,
   19.333970962817503      ,
   19.333970235833391      ,
   19.333970213077112      ,
   19.333971344703706      ,
   19.333971033571501      ,
   19.333970722265068      ,
   19.333971370714703      ,
   19.333970896610371      ,
   49.281499652979448      ,
   49.281501514797640      ,
   49.279094328753494      ,
   49.281500999436204      ,
   49.281503536218835      ,
   49.279454906740249     
 ],
 [
   26.683972274150054      ,
   26.683990951418842      ,
   19.334942313561207      ,
   19.334941586536626      ,
   19.334941563779047      ,
   19.334942695468694      ,
   19.334942384319042      ,
   19.334942072995368      ,
   19.334942721481163      ,
   19.334942247350501      ,
   49.283906463521468      ,
   49.283908325448003      ,
   49.281500999082617      ,
   49.283907810056050      ,
   49.283910346986715      ,
   49.281861598384403      ,
   26.683972274168397      ,
   26.683990951419084      ,
   19.334942313561207      ,
   19.334941586536537      ,
   19.334941563778983      ,
   19.334942695468726      ,
   19.334942384319159      ,
   19.334942072995361      ,
   19.334942721481173      ,
   19.334942247350384      ,
   49.283906463521170      ,
   49.283908325447619      ,
   49.281500999436204      ,
   49.283907810056220      ,
   49.283910346986339      ,
   49.281861598388922     
 ],
 [
   26.683973483891176      ,
   26.683992161160486      ,
   19.334943337426246      ,
   19.334942610401619      ,
   19.334942587644043      ,
   19.334943719333754      ,
   19.334943408184088      ,
   19.334943096860389      ,
   19.334943745346219      ,
   19.334943271215533      ,
   49.283909000451516      ,
   49.283910862378164      ,
   49.281503535865234      ,
   49.283910346986183      ,
   49.283912883916976      ,
   49.281864135189153      ,
   26.683973483909522      ,
   26.683992161160720      ,
   19.334943337426246      ,
   19.334942610401530      ,
   19.334942587643980      ,
   19.334943719333786      ,
   19.334943408184202      ,
   19.334943096860382      ,
   19.334943745346237      ,
   19.334943271215412      ,
   49.283909000451224      ,
   49.283910862377795      ,
   49.281503536218835      ,
   49.283910346986339      ,
   49.283912883916621      ,
   49.281864135193658     
 ],
 [
   26.682996531675485      ,
   26.683015208524882      ,
   19.334116494844004      ,
   19.334115767853895      ,
   19.334115745097399      ,
   19.334116876733376      ,
   19.334116565598489      ,
   19.334116254289576      ,
   19.334116902744611      ,
   19.334116428636438      ,
   49.281860251920719      ,
   49.281862113755231      ,
   49.279454906386690      ,
   49.281861598388758      ,
   49.281864135193999      ,
   49.279815487863715      ,
   26.682996531693835      ,
   26.683015208525113      ,
   19.334116494844004      ,
   19.334115767853813      ,
   19.334115745097343      ,
   19.334116876733404      ,
   19.334116565598599      ,
   19.334116254289569      ,
   19.334116902744626      ,
   19.334116428636321      ,
   49.281860251920428      ,
   49.281862113754855      ,
   49.279454906740249      ,
   49.281861598388922      ,
   49.281864135193658      ,
   49.279815487868213     
 ]
 ]
 }
