 {
  "pairs2": [
 [
   0.0000000000000000      ,
  -2.4542132896399320E-007 ,
  -2.5937355622441366E-007 ,
  -6.4572377248230624E-007 ,
  -7.1238284799895767E-006 ,
  -5.0811018416207673E-006 ,
  -9.7454398893001725E-006 ,
  -3.6608051570708028E-006 ,
  -9.0815750109633479E-007 ,
  -2.8272820809464704E-007 ,
  -3.9806792483354021E-006 ,
  -6.2028761498452738E-005 ,
  -9.9663660187849557E-004 ,
  -6.3649297499680910E-005 ,
  -4.7899527700867068E-006 ,
  -1.7173372655563020E-006 ,
  -2.8861426781628190E-010 ,
   0.0000000000000000      ,
   0.0000000000000000      ,
  -9.9053519530599714E-011 ,
   0.0000000000000000      ,
   0.0000000000000000      ,
  -2.2899569801023002E-010 ,
  -2.2627544453069377E-010 ,
  -1.1556867519944043E-010 ,
  -1.8884038712726777E-010 ,
   0.0000000000000000      ,
   0.0000000000000000      ,
  -4.2979028694574868E-010 ,
  -7.2556969706927719E-010 ,
  -5.7302380965167090E-010 ,
  -3.5588907212608578E-010
 ],
 [
  -2.4542132896399320E-007 ,
   0.0000000000000000      ,
  -8.6493932235508783E-006 ,
  -3.4895892700284462E-006 ,
  -2.8619101359945921E-007 ,
  -9.4302520549262903E-007 ,
  -2.5146407409604884E-007 ,
  -6.1445808377680576E-007 ,
  -5.1431525650029662E-006 ,
  -7.4694905052083116E-006 ,
  -6.0832358382935507E-005 ,
  -4.7732511915757395E-006 ,
  -1.7029679411200171E-006 ,
  -3.9490518340511155E-006 ,
  -6.2908037576244879E-005 ,
  -9.9312719462591988E-004 ,
   0.0000000000000000      ,
  -2.8874238131136591E-010 ,
   0.0000000000000000      ,
  -1.1104082442693521E-010 ,
   0.0000000000000000      ,
   0.0000000000000000      ,
  -1.9773789884573592E-010 ,
  -2.1716060989022944E-010 ,
  -1.2951020362559832E-010 ,
  -2.3944092685984859E-010 ,
  -3.6117250928607088E-010 ,
   0.0000000000000000      ,
  -3.7537122013480508E-010 ,
  -6.8769628370084068E-010 ,
  -6.5827438319815395E-010 ,
  -4.4396817098291953E-010
 ],
 [
  -2.5937355622441366E-007 ,
  -8.6493932235508783E-006 ,
   0.0000000000000000      ,
  -3.7933237823025417E-005 ,
  -4.5895882516258709E-006 ,
  -5.1036148356813019E-006 ,
  -6.3489901390087557E-008 ,
  -2.4167929333649263E-007 ,
  -2.2682890051383817E-007 ,
  -1.6124522105681743E-007 ,
  -5.8703289809048189E-004 ,
  -4.8102323173923462E-005 ,
  -2.1474822952833469E-006 ,
  -1.1658359189954369E-006 ,
  -2.2618005330257831E-006 ,
  -4.5203183983374604E-005 ,
  -1.5141966671932555E-010 ,
  -1.7216893109141118E-010 ,
  -4.7883795305329315E-011 ,
  -8.8116113109489038E-011 ,
  -4.4489976629829431E-011 ,
  -3.8563759537233489E-011 ,
  -1.5405337800934621E-010 ,
  -1.8311649603801544E-010 ,
  -8.7084520113405786E-011 ,
  -1.7097771521049962E-010 ,
  -2.6295961186867225E-010 ,
  -2.1076487108905272E-010 ,
  -2.8205759203747600E-010 ,
  -5.2513372103079479E-010 ,
  -4.6079889073451722E-010 ,
  -3.0771574499902684E-010
 ],
 [
  -6.4572377248230624E-007 ,
  -3.4895892700284462E-006 ,
  -3.7933237823025417E-005 ,
   0.0000000000000000      ,
  -4.9269213858751893E-006 ,
  -1.3040294971847844E-006 ,
  -2.4845003966968110E-007 ,
  -3.6337734986866808E-006 ,
  -2.8926029453378168E-007 ,
  -4.7433185590114410E-007 ,
  -5.9658751142003435E-004 ,
  -5.2088941334528501E-005 ,
  -8.1679408440543453E-006 ,
  -7.6009916521792495E-006 ,
  -6.2857655682206382E-006 ,
  -4.9109094066137983E-005 ,
  -8.9831967042912301E-011 ,
  -9.2278127482400374E-011 ,
   0.0000000000000000      ,
  -4.8605530769994740E-011 ,
   0.0000000000000000      ,
   0.0000000000000000      ,
  -8.2022985623542371E-011 ,
  -9.5091540352125800E-011 ,
  -4.7044924166953100E-011 ,
  -8.5134843167167533E-011 ,
   0.0000000000000000      ,
   0.0000000000000000      ,
  -1.6120245724607296E-010 ,
  -2.8032623919763926E-010 ,
  -2.4161260464376498E-010 ,
  -1.6554900222112972E-010
 ],
 [
  -7.1238284799895767E-006 ,
  -2.8619101359945921E-007 ,
  -4.5895882516258709E-006 ,
  -4.9269213858751893E-006 ,
   0.0000000000000000      ,
  -4.0792004044080709E-005 ,
  -1.6224082873625630E-007 ,
  -4.5114463792163377E-007 ,
  -1.4323604144563911E-007 ,
  -6.5716740513717239E-008 ,
  -4.7174786365544146E-005 ,
  -5.9354950546339300E-004 ,
  -4.3656599885546514E-005 ,
  -2.7238080694615072E-006 ,
  -1.0637817576029158E-006 ,
  -2.2769302171055941E-006 ,
  -1.8246644488039612E-010 ,
  -1.4718564812042109E-010 ,
  -4.5178330385442098E-011 ,
  -8.5679654865274906E-011 ,
  -4.8218302842502548E-011 ,
  -4.0235403820997771E-011 ,
  -1.7467728791840362E-010 ,
  -1.9594716985805163E-010 ,
  -8.5079861962855044E-011 ,
  -1.5620373193135024E-010 ,
  -2.5468249903266998E-010 ,
  -2.2229796387390899E-010 ,
  -3.1608787019203211E-010 ,
  -5.6446057566956684E-010 ,
  -4.4415894340820703E-010 ,
  -2.8242398098603123E-010
 ],
 [
  -5.0811018416207673E-006 ,
  -9.4302520549262903E-007 ,
  -5.1036148356813019E-006 ,
  -1.3040294971847844E-006 ,
  -4.0792004044080709E-005 ,
   0.0000000000000000      ,
  -2.3790348909006050E-007 ,
  -2.9340189643347813E-007 ,
  -8.7655193030474605E-007 ,
  -1.4670893520578710E-007 ,
  -4.6998370316966903E-005 ,
  -5.7461516087323899E-004 ,
  -4.2968527462420732E-005 ,
  -3.7659518036016367E-006 ,
  -3.6132268353166908E-006 ,
  -8.2766302535255992E-006 ,
  -2.1471744817237473E-010 ,
  -1.8831103225613391E-010 ,
  -5.2247949579115776E-011 ,
  -9.7807079513050539E-011 ,
  -5.3851954447631603E-011 ,
  -4.7737985962138007E-011 ,
  -2.2909270753937387E-010 ,
  -2.3974974579060643E-010 ,
  -1.1525606575816557E-010 ,
  -2.1620730361316370E-010 ,
  -2.9940839548132496E-010 ,
  -2.5906947063428063E-010 ,
  -3.7806225420412016E-010 ,
  -7.1360329058723193E-010 ,
  -5.8733371865327976E-010 ,
  -3.5522348577037719E-010
 ],
 [
  -9.7454398893001725E-006 ,
  -2.5146407409604884E-007 ,
  -6.3489901390087557E-008 ,
  -2.4845003966968110E-007 ,
  -1.6224082873625630E-007 ,
  -2.3790348909006050E-007 ,
   0.0000000000000000      ,
  -3.8298959774198036E-005 ,
  -4.6804302068516702E-006 ,
  -3.9623123598399321E-006 ,
  -1.1598534063669724E-006 ,
  -2.3181285011517665E-006 ,
  -4.7531288131248884E-005 ,
  -5.8498032714674093E-004 ,
  -4.4124928445497804E-005 ,
  -2.0685762527539997E-006 ,
   0.0000000000000000      ,
   0.0000000000000000      ,
   0.0000000000000000      ,
   0.0000000000000000      ,
   0.0000000000000000      ,
   0.0000000000000000      ,
  -4.7756145350321635E-011 ,
  -4.7043407976284689E-011 ,
   0.0000000000000000      ,
  -4.4337884356693934E-011 ,
   0.0000000000000000      ,
   0.0000000000000000      ,
   0.0000000000000000      ,
  -1.5244427317836462E-010 ,
   0.0000000000000000      ,
   0.0000000000000000     
 ],
 [
  -3.6608051570708028E-006 ,
  -6.1445808377680576E-007 ,
  -2.4167929333649263E-007 ,
  -3.6337734986866808E-006 ,
  -4.5114463792163377E-007 ,
  -2.9340189643347813E-007 ,
  -3.8298959774198036E-005 ,
   0.0000000000000000      ,
  -1.2224258152990554E-006 ,
  -4.8216368160061582E-006 ,
  -7.2764639171920359E-006 ,
  -6.1864177639863808E-006 ,
  -4.9217630176932413E-005 ,
  -5.9421483714866931E-004 ,
  -4.8344382569431771E-005 ,
  -7.6270809288615219E-006 ,
   0.0000000000000000      ,
   0.0000000000000000      ,
   0.0000000000000000      ,
   0.0000000000000000      ,
   0.0000000000000000      ,
   0.0000000000000000      ,
  -4.6167256033849898E-011 ,
  -4.8736616700203105E-011 ,
   0.0000000000000000      ,
  -4.4561813344161889E-011 ,
   0.0000000000000000      ,
   0.0000000000000000      ,
   0.0000000000000000      ,
  -1.5267819191777548E-010 ,
   0.0000000000000000      ,
   0.0000000000000000     
 ],
 [
  -9.0815750109633479E-007 ,
  -5.1431525650029662E-006 ,
  -2.2682890051383817E-007 ,
  -2.8926029453378168E-007 ,
  -1.4323604144563911E-007 ,
  -8.7655193030474605E-007 ,
  -4.6804302068516702E-006 ,
  -1.2224258152990554E-006 ,
   0.0000000000000000      ,
  -3.7096818273735437E-005 ,
  -3.5842173188781591E-006 ,
  -3.4356232960078418E-006 ,
  -7.6593026369099416E-006 ,
  -4.4378061981405808E-005 ,
  -5.7101361957892223E-004 ,
  -4.1501557664044569E-005 ,
   0.0000000000000000      ,
   0.0000000000000000      ,
   0.0000000000000000      ,
   0.0000000000000000      ,
   0.0000000000000000      ,
   0.0000000000000000      ,
  -7.7747497250936741E-011 ,
  -7.5997251069024893E-011 ,
  -4.7719724673160177E-011 ,
  -8.0736151606595459E-011 ,
   0.0000000000000000      ,
   0.0000000000000000      ,
   0.0000000000000000      ,
  -2.4680144346581472E-010 ,
  -2.2442867093094302E-010 ,
  -1.4221220492581769E-010
 ],
 [
  -2.8272820809464704E-007 ,
  -7.4694905052083116E-006 ,
  -1.6124522105681743E-007 ,
  -4.7433185590114410E-007 ,
  -6.5716740513717239E-008 ,
  -1.4670893520578710E-007 ,
  -3.9623123598399321E-006 ,
  -4.8216368160061582E-006 ,
  -3.7096818273735437E-005 ,
   0.0000000000000000      ,
  -2.7718919092615162E-006 ,
  -1.0654449198147216E-006 ,
  -2.2111876798687648E-006 ,
  -4.5265674988912604E-005 ,
  -5.8808751157195152E-004 ,
  -4.4336539953111076E-005 ,
   0.0000000000000000      ,
   0.0000000000000000      ,
   0.0000000000000000      ,
   0.0000000000000000      ,
   0.0000000000000000      ,
   0.0000000000000000      ,
  -4.4878176904101079E-011 ,
  -4.5952012982343461E-011 ,
   0.0000000000000000      ,
  -4.8173925627873749E-011 ,
   0.0000000000000000      ,
   0.0000000000000000      ,
   0.0000000000000000      ,
   0.0000000000000000      ,
   0.0000000000000000      ,
   0.0000000000000000     
 ],
 [
  -3.9806792483354021E-006 ,
  -6.0832358382935507E-005 ,
  -5.8703289809048189E-004 ,
  -5.9658751142003435E-004 ,
  -4.7174786365544146E-005 ,
  -4.6998370316966903E-005 ,
  -1.1598534063669724E-006 ,
  -7.2764639171920359E-006 ,
  -3.5842173188781591E-006 ,
  -2.7718919092615162E-006 ,
   0.0000000000000000      ,
  -1.0705903923233823E-003 ,
  -6.8006091144350963E-005 ,
  -3.9643389148874535E-005 ,
  -6.7960547892486256E-005 ,
  -1.0427383869361887E-003 ,
  -4.7758304330407599E-010 ,
  -5.0029641170525801E-010 ,
   0.0000000000000000      ,
  -2.4876434671968621E-010 ,
   0.0000000000000000      ,
   0.0000000000000000      ,
  -4.5500123876842363E-010 ,
  -5.1628158156853659E-010 ,
  -2.5751190621810899E-010 ,
  -4.7928323425209427E-010 ,
  -7.6214398292423894E-010 ,
  -6.3140307222084029E-010 ,
  -8.4921443216356502E-010 ,
  -1.5342102974481165E-009 ,
  -1.3321370376984177E-009 ,
  -8.8302022975990711E-010
 ],
 [
  -6.2028761498452738E-005 ,
  -4.7732511915757395E-006 ,
  -4.8102323173923462E-005 ,
  -5.2088941334528501E-005 ,
  -5.9354950546339300E-004 ,
  -5.7461516087323899E-004 ,
  -2.3181285011517665E-006 ,
  -6.1864177639863808E-006 ,
  -3.4356232960078418E-006 ,
  -1.0654449198147216E-006 ,
  -1.0705903923233823E-003 ,
   0.0000000000000000      ,
  -1.0103733214283047E-003 ,
  -6.8891275174880876E-005 ,
  -3.0909653102391936E-005 ,
  -7.4277490806575104E-005 ,
  -6.2574292798024267E-010 ,
  -5.4625173837887566E-010 ,
  -1.5564278099201963E-010 ,
  -2.8613872607018158E-010 ,
  -1.6095476757871713E-010 ,
   0.0000000000000000      ,
  -6.0079778513338462E-010 ,
  -6.4985469841930007E-010 ,
  -3.0997510482525971E-010 ,
  -5.6501669404432891E-010 ,
  -8.7697472246277999E-010 ,
  -7.5991210865403529E-010 ,
  -1.0737998192914786E-009 ,
  -1.9400197051150628E-009 ,
  -1.5916599568922205E-009 ,
  -1.0051333068130254E-009
 ],
 [
  -9.9663660187849557E-004 ,
  -1.7029679411200171E-006 ,
  -2.1474822952833469E-006 ,
  -8.1679408440543453E-006 ,
  -4.3656599885546514E-005 ,
  -4.2968527462420732E-005 ,
  -4.7531288131248884E-005 ,
  -4.9217630176932413E-005 ,
  -7.6593026369099416E-006 ,
  -2.2111876798687648E-006 ,
  -6.8006091144350963E-005 ,
  -1.0103733214283047E-003 ,
   0.0000000000000000      ,
  -1.0461050588227733E-003 ,
  -7.2510015915509818E-005 ,
  -2.4028983082521880E-005 ,
  -3.9533798283042382E-010 ,
   0.0000000000000000      ,
   0.0000000000000000      ,
  -1.6427957030606445E-010 ,
   0.0000000000000000      ,
   0.0000000000000000      ,
  -3.5565872577191957E-010 ,
  -3.6382943668216007E-010 ,
  -1.8819588890540435E-010 ,
  -3.1891123319034462E-010 ,
   0.0000000000000000      ,
   0.0000000000000000      ,
  -6.5584518891979357E-010 ,
  -1.1322210153859851E-009 ,
  -9.2797987740209579E-010 ,
  -5.8704805157286155E-010
 ],
 [
  -6.3649297499680910E-005 ,
  -3.9490518340511155E-006 ,
  -1.1658359189954369E-006 ,
  -7.6009916521792495E-006 ,
  -2.7238080694615072E-006 ,
  -3.7659518036016367E-006 ,
  -5.8498032714674093E-004 ,
  -5.9421483714866931E-004 ,
  -4.4378061981405808E-005 ,
  -4.5265674988912604E-005 ,
  -3.9643389148874535E-005 ,
  -6.8891275174880876E-005 ,
  -1.0461050588227733E-003 ,
   0.0000000000000000      ,
  -1.0524113215638197E-003 ,
  -6.7159945157762208E-005 ,
   0.0000000000000000      ,
   0.0000000000000000      ,
   0.0000000000000000      ,
   0.0000000000000000      ,
   0.0000000000000000      ,
   0.0000000000000000      ,
  -2.3434945225029239E-010 ,
  -2.3923163819988446E-010 ,
   0.0000000000000000      ,
  -2.2395666254738159E-010 ,
   0.0000000000000000      ,
   0.0000000000000000      ,
   0.0000000000000000      ,
  -7.6159918228633435E-010 ,
  -6.5398287091664972E-010 ,
   0.0000000000000000     
 ],
 [
  -4.7899527700867068E-006 ,
  -6.2908037576244879E-005 ,
  -2.2618005330257831E-006 ,
  -6.2857655682206382E-006 ,
  -1.0637817576029158E-006 ,
  -3.6132268353166908E-006 ,
  -4.4124928445497804E-005 ,
  -4.8344382569431771E-005 ,
  -5.7101361957892223E-004 ,
  -5.8808751157195152E-004 ,
  -6.7960547892486256E-005 ,
  -3.0909653102391936E-005 ,
  -7.2510015915509818E-005 ,
  -1.0524113215638197E-003 ,
   0.0000000000000000      ,
  -1.0048344948083974E-003 ,
   0.0000000000000000      ,
   0.0000000000000000      ,
   0.0000000000000000      ,
   0.0000000000000000      ,
   0.0000000000000000      ,
   0.0000000000000000      ,
  -2.5678712557735771E-010 ,
  -2.6256814214115938E-010 ,
  -1.5740227293336911E-010 ,
  -2.6809062103994116E-010 ,
   0.0000000000000000      ,
   0.0000000000000000      ,
   0.0000000000000000      ,
  -8.4102283960638589E-010 ,
  -7.5861842501468652E-010 ,
   0.0000000000000000     
 ],
 [
  -1.7173372655563020E-006 ,
  -9.9312719462591988E-004 ,
  -4.5203183983374604E-005 ,
  -4.9109094066137983E-005 ,
  -2.2769302171055941E-006 ,
  -8.2766302535255992E-006 ,
  -2.0685762527539997E-006 ,
  -7.6270809288615219E-006 ,
  -4.1501557664044569E-005 ,
  -4.4336539953111076E-005 ,
  -1.0427383869361887E-003 ,
  -7.4277490806575104E-005 ,
  -2.4028983082521880E-005 ,
  -6.7159945157762208E-005 ,
  -1.0048344948083974E-003 ,
   0.0000000000000000      ,
  -3.3667987111708132E-010 ,
  -3.8351459608897583E-010 ,
   0.0000000000000000      ,
  -1.7292544418152070E-010 ,
   0.0000000000000000      ,
   0.0000000000000000      ,
  -3.2385710393143308E-010 ,
  -3.5086896331051058E-010 ,
  -1.9837220989360625E-010 ,
  -3.5958571413999529E-010 ,
   0.0000000000000000      ,
   0.0000000000000000      ,
  -6.0136070646194538E-010 ,
  -1.0855832523950147E-009 ,
  -9.9084437597330125E-010 ,
  -6.5632142660613856E-010
 ],
 [
  -2.8861426781628190E-010 ,
   0.0000000000000000      ,
  -1.5141966671932555E-010 ,
  -8.9831967042912301E-011 ,
  -1.8246644488039612E-010 ,
  -2.1471744817237473E-010 ,
   0.0000000000000000      ,
   0.0000000000000000      ,
   0.0000000000000000      ,
   0.0000000000000000      ,
  -4.7758304330407599E-010 ,
  -6.2574292798024267E-010 ,
  -3.9533798283042382E-010 ,
   0.0000000000000000      ,
   0.0000000000000000      ,
  -3.3667987111708132E-010 ,
   0.0000000000000000      ,
  -2.4535098844525112E-007 ,
  -2.5918823809602193E-007 ,
  -6.4551337940912977E-007 ,
  -7.1190218139546580E-006 ,
  -5.0768080343038921E-006 ,
  -9.7419565551879339E-006 ,
  -3.6601578816952321E-006 ,
  -9.0765825716729673E-007 ,
  -2.8262718674160047E-007 ,
  -3.9797994230328680E-006 ,
  -6.2013521058289754E-005 ,
  -9.9643251865004739E-004 ,
  -6.3638178872350108E-005 ,
  -4.7890076822460994E-006 ,
  -1.7169755706982378E-006
 ],
 [
   0.0000000000000000      ,
  -2.8874238131136591E-010 ,
  -1.7216893109141118E-010 ,
  -9.2278127482400374E-011 ,
  -1.4718564812042109E-010 ,
  -1.8831103225613391E-010 ,
   0.0000000000000000      ,
   0.0000000000000000      ,
   0.0000000000000000      ,
   0.0000000000000000      ,
  -5.0029641170525801E-010 ,
  -5.4625173837887566E-010 ,
   0.0000000000000000      ,
   0.0000000000000000      ,
   0.0000000000000000      ,
  -3.8351459608897583E-010 ,
  -2.4535098844525112E-007 ,
   0.0000000000000000      ,
  -8.6430851358947466E-006 ,
  -3.4884005601984203E-006 ,
  -2.8599367263169246E-007 ,
  -9.4221433370056513E-007 ,
  -2.5137046311251561E-007 ,
  -6.1434032496441566E-007 ,
  -5.1402490221935399E-006 ,
  -7.4667108037168935E-006 ,
  -6.0818010610519258E-005 ,
  -4.7720076191067550E-006 ,
  -1.7025939778878069E-006 ,
  -3.9483034710922778E-006 ,
  -6.2894692421113500E-005 ,
  -9.9290329853856957E-004
 ],
 [
   0.0000000000000000      ,
   0.0000000000000000      ,
  -4.7883795305329315E-011 ,
   0.0000000000000000      ,
  -4.5178330385442098E-011 ,
  -5.2247949579115776E-011 ,
   0.0000000000000000      ,
   0.0000000000000000      ,
   0.0000000000000000      ,
   0.0000000000000000      ,
   0.0000000000000000      ,
  -1.5564278099201963E-010 ,
   0.0000000000000000      ,
   0.0000000000000000      ,
   0.0000000000000000      ,
   0.0000000000000000      ,
  -2.5918823809602193E-007 ,
  -8.6430851358947466E-006 ,
   0.0000000000000000      ,
  -3.7904086579834124E-005 ,
  -4.5844606032420492E-006 ,
  -5.0970440113691168E-006 ,
  -6.3439103160576952E-008 ,
  -2.4152955865051533E-007 ,
  -2.2660381709454490E-007 ,
  -1.6111622870543332E-007 ,
  -5.8664325416399191E-004 ,
  -4.8069209016449897E-005 ,
  -2.1460918142360209E-006 ,
  -1.1651161087206235E-006 ,
  -2.2603528850694356E-006 ,
  -4.5173650669062733E-005
 ],
 [
  -9.9053519530599714E-011 ,
  -1.1104082442693521E-010 ,
  -8.8116113109489038E-011 ,
  -4.8605530769994740E-011 ,
  -8.5679654865274906E-011 ,
  -9.7807079513050539E-011 ,
   0.0000000000000000      ,
   0.0000000000000000      ,
   0.0000000000000000      ,
   0.0000000000000000      ,
  -2.4876434671968621E-010 ,
  -2.8613872607018158E-010 ,
  -1.6427957030606445E-010 ,
   0.0000000000000000      ,
   0.0000000000000000      ,
  -1.7292544418152070E-010 ,
  -6.4551337940912977E-007 ,
  -3.4884005601984203E-006 ,
  -3.7904086579834124E-005 ,
   0.0000000000000000      ,
  -4.9233309512865073E-006 ,
  -1.3028571072699568E-006 ,
  -2.4834780903341393E-007 ,
  -3.6329345780505220E-006 ,
  -2.8908565307793779E-007 ,
  -4.7413674128514339E-007 ,
  -5.9642341071365428E-004 ,
  -5.2073328597156979E-005 ,
  -8.1658268872900500E-006 ,
  -7.5992531231018817E-006 ,
  -6.2841856621259764E-006 ,
  -4.9096097619629603E-005
 ],
 [
   0.0000000000000000      ,
   0.0000000000000000      ,
  -4.4489976629829431E-011 ,
   0.0000000000000000      ,
  -4.8218302842502548E-011 ,
  -5.3851954447631603E-011 ,
   0.0000000000000000      ,
   0.0000000000000000      ,
   0.0000000000000000      ,
   0.0000000000000000      ,
   0.0000000000000000      ,
  -1.6095476757871713E-010 ,
   0.0000000000000000      ,
   0.0000000000000000      ,
   0.0000000000000000      ,
   0.0000000000000000      ,
  -7.1190218139546580E-006 ,
  -2.8599367263169246E-007 ,
  -4.5844606032420492E-006 ,
  -4.9233309512865073E-006 ,
   0.0000000000000000      ,
  -4.0741105673398947E-005 ,
  -1.6211747005532833E-007 ,
  -4.5088306653719759E-007 ,
  -1.4309960096434133E-007 ,
  -6.5666781598284995E-008 ,
  -4.7145350378844587E-005 ,
  -5.9316449948658314E-004 ,
  -4.3630068160697783E-005 ,
  -2.7222346348392750E-006 ,
  -1.0631431942651243E-006 ,
  -2.2755331465834704E-006
 ],
 [
   0.0000000000000000      ,
   0.0000000000000000      ,
  -3.8563759537233489E-011 ,
   0.0000000000000000      ,
  -4.0235403820997771E-011 ,
  -4.7737985962138007E-011 ,
   0.0000000000000000      ,
   0.0000000000000000      ,
   0.0000000000000000      ,
   0.0000000000000000      ,
   0.0000000000000000      ,
   0.0000000000000000      ,
   0.0000000000000000      ,
   0.0000000000000000      ,
   0.0000000000000000      ,
   0.0000000000000000      ,
  -5.0768080343038921E-006 ,
  -9.4221433370056513E-007 ,
  -5.0970440113691168E-006 ,
  -1.3028571072699568E-006 ,
  -4.0741105673398947E-005 ,
   0.0000000000000000      ,
  -2.3768208356034436E-007 ,
  -2.9318180551052816E-007 ,
  -8.7556770931079915E-007 ,
  -1.4657241887731745E-007 ,
  -4.6961038965855783E-005 ,
  -5.7414456108048129E-004 ,
  -4.2935094888043943E-005 ,
  -3.7631348740782122E-006 ,
  -3.6104424182111214E-006 ,
  -8.2701420762713720E-006
 ],
 [
  -2.2899569801023002E-010 ,
  -1.9773789884573592E-010 ,
  -1.5405337800934621E-010 ,
  -8.2022985623542371E-011 ,
  -1.7467728791840362E-010 ,
  -2.2909270753937387E-010 ,
  -4.7756145350321635E-011 ,
  -4.6167256033849898E-011 ,
  -7.7747497250936741E-011 ,
  -4.4878176904101079E-011 ,
  -4.5500123876842363E-010 ,
  -6.0079778513338462E-010 ,
  -3.5565872577191957E-010 ,
  -2.3434945225029239E-010 ,
  -2.5678712557735771E-010 ,
  -3.2385710393143308E-010 ,
  -9.7419565551879339E-006 ,
  -2.5137046311251561E-007 ,
  -6.3439103160576952E-008 ,
  -2.4834780903341393E-007 ,
  -1.6211747005532833E-007 ,
  -2.3768208356034436E-007 ,
   0.0000000000000000      ,
  -3.8288907284703621E-005 ,
  -4.6774564099199153E-006 ,
  -3.9605572316926555E-006 ,
  -1.1594977001976960E-006 ,
  -2.3173603859681779E-006 ,
  -4.7517483445920150E-005 ,
  -5.8482803104198270E-004 ,
  -4.4112442757124638E-005 ,
  -2.0679633954182706E-006
 ],
 [
  -2.2627544453069377E-010 ,
  -2.1716060989022944E-010 ,
  -1.8311649603801544E-010 ,
  -9.5091540352125800E-011 ,
  -1.9594716985805163E-010 ,
  -2.3974974579060643E-010 ,
  -4.7043407976284689E-011 ,
  -4.8736616700203105E-011 ,
  -7.5997251069024893E-011 ,
  -4.5952012982343461E-011 ,
  -5.1628158156853659E-010 ,
  -6.4985469841930007E-010 ,
  -3.6382943668216007E-010 ,
  -2.3923163819988446E-010 ,
  -2.6256814214115938E-010 ,
  -3.5086896331051058E-010 ,
  -3.6601578816952321E-006 ,
  -6.1434032496441566E-007 ,
  -2.4152955865051533E-007 ,
  -3.6329345780505220E-006 ,
  -4.5088306653719759E-007 ,
  -2.9318180551052816E-007 ,
  -3.8288907284703621E-005 ,
   0.0000000000000000      ,
  -1.2218698666130649E-006 ,
  -4.8203718544474623E-006 ,
  -7.2755466976276103E-006 ,
  -6.1854853385675022E-006 ,
  -4.9212226338485967E-005 ,
  -5.9416747608822878E-004 ,
  -4.8339435933080506E-005 ,
  -7.6261989776261724E-006
 ],
 [
  -1.1556867519944043E-010 ,
  -1.2951020362559832E-010 ,
  -8.7084520113405786E-011 ,
  -4.7044924166953100E-011 ,
  -8.5079861962855044E-011 ,
  -1.1525606575816557E-010 ,
   0.0000000000000000      ,
   0.0000000000000000      ,
  -4.7719724673160177E-011 ,
   0.0000000000000000      ,
  -2.5751190621810899E-010 ,
  -3.0997510482525971E-010 ,
  -1.8819588890540435E-010 ,
   0.0000000000000000      ,
  -1.5740227293336911E-010 ,
  -1.9837220989360625E-010 ,
  -9.0765825716729673E-007 ,
  -5.1402490221935399E-006 ,
  -2.2660381709454490E-007 ,
  -2.8908565307793779E-007 ,
  -1.4309960096434133E-007 ,
  -8.7556770931079915E-007 ,
  -4.6774564099199153E-006 ,
  -1.2218698666130649E-006 ,
   0.0000000000000000      ,
  -3.7073253183206770E-005 ,
  -3.5824288560143350E-006 ,
  -3.4338242164157786E-006 ,
  -7.6556052181986115E-006 ,
  -4.4357974032496060E-005 ,
  -5.7074223051121694E-004 ,
  -4.1481281058505745E-005
 ],
 [
  -1.8884038712726777E-010 ,
  -2.3944092685984859E-010 ,
  -1.7097771521049962E-010 ,
  -8.5134843167167533E-011 ,
  -1.5620373193135024E-010 ,
  -2.1620730361316370E-010 ,
  -4.4337884356693934E-011 ,
  -4.4561813344161889E-011 ,
  -8.0736151606595459E-011 ,
  -4.8173925627873749E-011 ,
  -4.7928323425209427E-010 ,
  -5.6501669404432891E-010 ,
  -3.1891123319034462E-010 ,
  -2.2395666254738159E-010 ,
  -2.6809062103994116E-010 ,
  -3.5958571413999529E-010 ,
  -2.8262718674160047E-007 ,
  -7.4667108037168935E-006 ,
  -1.6111622870543332E-007 ,
  -4.7413674128514339E-007 ,
  -6.5666781598284995E-008 ,
  -1.4657241887731745E-007 ,
  -3.9605572316926555E-006 ,
  -4.8203718544474623E-006 ,
  -3.7073253183206770E-005 ,
   0.0000000000000000      ,
  -2.7710421612377191E-006 ,
  -1.0650920147707295E-006 ,
  -2.2105457706856106E-006 ,
  -4.5253896462625089E-005 ,
  -5.8792117791195289E-004 ,
  -4.4323410018851969E-005
 ],
 [
   0.0000000000000000      ,
  -3.6117250928607088E-010 ,
  -2.6295961186867225E-010 ,
   0.0000000000000000      ,
  -2.5468249903266998E-010 ,
  -2.9940839548132496E-010 ,
   0.0000000000000000      ,
   0.0000000000000000      ,
   0.0000000000000000      ,
   0.0000000000000000      ,
  -7.6214398292423894E-010 ,
  -8.7697472246277999E-010 ,
   0.0000000000000000      ,
   0.0000000000000000      ,
   0.0000000000000000      ,
   0.0000000000000000      ,
  -3.9797994230328680E-006 ,
  -6.0818010610519258E-005 ,
  -5.8664325416399191E-004 ,
  -5.9642341071365428E-004 ,
  -4.7145350378844587E-005 ,
  -4.6961038965855783E-005 ,
  -1.1594977001976960E-006 ,
  -7.2755466976276103E-006 ,
  -3.5824288560143350E-006 ,
  -2.7710421612377191E-006 ,
   0.0000000000000000      ,
  -1.0703816950663591E-003 ,
  -6.7995618385045686E-005 ,
  -3.9638476966014247E-005 ,
  -6.7950588614963464E-005 ,
  -1.0425717011709917E-003
 ],
 [
   0.0000000000000000      ,
   0.0000000000000000      ,
  -2.1076487108905272E-010 ,
   0.0000000000000000      ,
  -2.2229796387390899E-010 ,
  -2.5906947063428063E-010 ,
   0.0000000000000000      ,
   0.0000000000000000      ,
   0.0000000000000000      ,
   0.0000000000000000      ,
  -6.3140307222084029E-010 ,
  -7.5991210865403529E-010 ,
   0.0000000000000000      ,
   0.0000000000000000      ,
   0.0000000000000000      ,
   0.0000000000000000      ,
  -6.2013521058289754E-005 ,
  -4.7720076191067550E-006 ,
  -4.8069209016449897E-005 ,
  -5.2073328597156979E-005 ,
  -5.9316449948658314E-004 ,
  -5.7414456108048129E-004 ,
  -2.3173603859681779E-006 ,
  -6.1854853385675022E-006 ,
  -3.4338242164157786E-006 ,
  -1.0650920147707295E-006 ,
  -1.0703816950663591E-003 ,
   0.0000000000000000      ,
  -1.0101927918226648E-003 ,
  -6.8881039030109961E-005 ,
  -3.0904360705583147E-005 ,
  -7.4263784377756896E-005
 ],
 [
  -4.2979028694574868E-010 ,
  -3.7537122013480508E-010 ,
  -2.8205759203747600E-010 ,
  -1.6120245724607296E-010 ,
  -3.1608787019203211E-010 ,
  -3.7806225420412016E-010 ,
   0.0000000000000000      ,
   0.0000000000000000      ,
   0.0000000000000000      ,
   0.0000000000000000      ,
  -8.4921443216356502E-010 ,
  -1.0737998192914786E-009 ,
  -6.5584518891979357E-010 ,
   0.0000000000000000      ,
   0.0000000000000000      ,
  -6.0136070646194538E-010 ,
  -9.9643251865004739E-004 ,
  -1.7025939778878069E-006 ,
  -2.1460918142360209E-006 ,
  -8.1658268872900500E-006 ,
  -4.3630068160697783E-005 ,
  -4.2935094888043943E-005 ,
  -4.7517483445920150E-005 ,
  -4.9212226338485967E-005 ,
  -7.6556052181986115E-006 ,
  -2.2105457706856106E-006 ,
  -6.7995618385045686E-005 ,
  -1.0101927918226648E-003 ,
   0.0000000000000000      ,
  -1.0459924326867856E-003 ,
  -7.2500568998544909E-005 ,
  -2.4025532774766122E-005
 ],
 [
  -7.2556969706927719E-010 ,
  -6.8769628370084068E-010 ,
  -5.2513372103079479E-010 ,
  -2.8032623919763926E-010 ,
  -5.6446057566956684E-010 ,
  -7.1360329058723193E-010 ,
  -1.5244427317836462E-010 ,
  -1.5267819191777548E-010 ,
  -2.4680144346581472E-010 ,
   0.0000000000000000      ,
  -1.5342102974481165E-009 ,
  -1.9400197051150628E-009 ,
  -1.1322210153859851E-009 ,
  -7.6159918228633435E-010 ,
  -8.4102283960638589E-010 ,
  -1.0855832523950147E-009 ,
  -6.3638178872350108E-005 ,
  -3.9483034710922778E-006 ,
  -1.1651161087206235E-006 ,
  -7.5992531231018817E-006 ,
  -2.7222346348392750E-006 ,
  -3.7631348740782122E-006 ,
  -5.8482803104198270E-004 ,
  -5.9416747608822878E-004 ,
  -4.4357974032496060E-005 ,
  -4.5253896462625089E-005 ,
  -3.9638476966014247E-005 ,
  -6.8881039030109961E-005 ,
  -1.0459924326867856E-003 ,
   0.0000000000000000      ,
  -1.0523058840201747E-003 ,
  -6.7152323072518550E-005
 ],
 [
  -5.7302380965167090E-010 ,
  -6.5827438319815395E-010 ,
  -4.6079889073451722E-010 ,
  -2.4161260464376498E-010 ,
  -4.4415894340820703E-010 ,
  -5.8733371865327976E-010 ,
   0.0000000000000000      ,
   0.0000000000000000      ,
  -2.2442867093094302E-010 ,
   0.0000000000000000      ,
  -1.3321370376984177E-009 ,
  -1.5916599568922205E-009 ,
  -9.2797987740209579E-010 ,
  -6.5398287091664972E-010 ,
  -7.5861842501468652E-010 ,
  -9.9084437597330125E-010 ,
  -4.7890076822460994E-006 ,
  -6.2894692421113500E-005 ,
  -2.2603528850694356E-006 ,
  -6.2841856621259764E-006 ,
  -1.0631431942651243E-006 ,
  -3.6104424182111214E-006 ,
  -4.4112442757124638E-005 ,
  -4.8339435933080506E-005 ,
  -5.7074223051121694E-004 ,
  -5.8792117791195289E-004 ,
  -6.7950588614963464E-005 ,
  -3.0904360705583147E-005 ,
  -7.2500568998544909E-005 ,
  -1.0523058840201747E-003 ,
   0.0000000000000000      ,
  -1.0046977046205289E-003
 ],
 [
  -3.5588907212608578E-010 ,
  -4.4396817098291953E-010 ,
  -3.0771574499902684E-010 ,
  -1.6554900222112972E-010 ,
  -2.8242398098603123E-010 ,
  -3.5522348577037719E-010 ,
   0.0000000000000000      ,
   0.0000000000000000      ,
  -1.4221220492581769E-010 ,
   0.0000000000000000      ,
  -8.8302022975990711E-010 ,
  -1.0051333068130254E-009 ,
  -5.8704805157286155E-010 ,
   0.0000000000000000      ,
   0.0000000000000000      ,
  -6.5632142660613856E-010 ,
  -1.7169755706982378E-006 ,
  -9.9290329853856957E-004 ,
  -4.5173650669062733E-005 ,
  -4.9096097619629603E-005 ,
  -2.2755331465834704E-006 ,
  -8.2701420762713720E-006 ,
  -2.0679633954182706E-006 ,
  -7.6261989776261724E-006 ,
  -4.1481281058505745E-005 ,
  -4.4323410018851969E-005 ,
  -1.0425717011709917E-003 ,
  -7.4263784377756896E-005 ,
  -2.4025532774766122E-005 ,
  -6.7152323072518550E-005 ,
  -1.0046977046205289E-003 ,
   0.0000000000000000     
 ]
 ]
 }
